&CONTROL
  calculation = 'relax'
  restart_mode = 'restart'
  prefix = 'VN_LiS_combi2u_144'
  pseudo_dir = '/home/ameer_ubuntu/Git_projects/QE_2/USPP'
  outdir = './tmp/'
  disk_io = 'low'
  verbosity = 'low'
  forc_conv_thr = 0.00156
  nstep = 160
/
&SYSTEM
  ibrav = 0, nat = 147, ntyp = 4
  ecutwfc = 45.0, ecutrho = 450.0
  occupations = 'smearing', smearing = 'cold', degauss = 0.02
  nspin = 2
  starting_magnetization(1) = 1.45
  starting_magnetization(2) = -0.2
  vdw_corr = 'dft-d3', dftd3_version = 4
/
&ELECTRONS
  conv_thr = 1.0d-6
  mixing_beta = 0.20
  mixing_ndim = 12
  mixing_mode = 'local-TF'
  electron_maxstep = 250
  diagonalization = 'rmm-davidson'
/
&IONS
  ion_dynamics = 'bfgs'
  upscale = 2
  pot_extrapolation = 'second_order'
  wfc_extrapolation = 'second_order'
/

CELL_PARAMETERS (angstrom)
    12.5282175424    0.0000000000    0.0000000000
     0.0000000000   12.5282175424    0.0000000000
     0.0000000000    0.0000000000   26.2641051430

ATOMIC_SPECIES
  V    1.0  v_pbe_v1.4.uspp.F.UPF
  N    1.0  n_pbe_v1.2.uspp.F.UPF
  S    1.0  s_pbe_v1.4.uspp.F.UPF
  Li   1.0  li_pbe_v1.4.uspp.F.UPF

ATOMIC_POSITIONS (angstrom)
  V       0.000000000    0.000000000   10.000000000  0 0 0
  V       2.088037190    0.000000000   12.088037190  0 0 0
  V       0.000000000    2.088037190   12.088037190  0 0 0
  V       2.088037190    2.088037190   10.000000000  0 0 0
  N       0.000000000    2.088037190   10.000000000  0 0 0
  N       2.088037190    0.000000000   10.000000000  0 0 0
  N       0.000000000    0.000000000   12.088037190  0 0 0
  N       2.088037190    2.088037190   12.088037190  0 0 0
  V       0.009627780    0.003112140   14.222208110  1 1 1
  V       2.085298140   -0.001838750   16.365682890  1 1 1
  V       0.008515100    2.075095210   16.354070460  1 1 1
  V       2.103770210    2.096066220   14.222386110  1 1 1
  N       0.007326680    2.088425990   14.294141650  1 1 1
  N       2.093897510    0.003019910   14.301679630  1 1 1
  N       0.005397580   -0.001551530   16.401903710  1 1 1
  N       2.090939290    2.086385590   16.409769800  1 1 1
  V       0.000000000    4.176074380   10.000000000  0 0 0
  V       2.088037190    4.176074380   12.088037190  0 0 0
  V       0.000000000    6.264111560   12.088037190  0 0 0
  V       2.088037190    6.264111560   10.000000000  0 0 0
  N       0.000000000    6.264111560   10.000000000  0 0 0
  N       2.088037190    4.176074380   10.000000000  0 0 0
  N       0.000000000    4.176074380   12.088037190  0 0 0
  N       2.088037190    6.264111560   12.088037190  0 0 0
  V       0.001774240    4.176371310   14.219736840  1 1 1
  V       2.035527500    4.172681690   16.358377940  1 1 1
  V       0.022387310    6.276218570   16.352971290  1 1 1
  V       2.128814390    6.267181620   14.281940670  1 1 1
  N       0.013229950    6.265059470   14.294964070  1 1 1
  N       2.097127730    4.180511750   14.298509890  1 1 1
  N       0.003313590    4.173832740   16.406650560  1 1 1
  N       2.085642770    6.266045010   16.373825590  1 1 1
  V       0.000000000    8.352148750   10.000000000  0 0 0
  V       2.088037190    8.352148750   12.088037190  0 0 0
  V       0.000000000   10.440185940   12.088037190  0 0 0
  V       2.088037190   10.440185940   10.000000000  0 0 0
  N       0.000000000   10.440185940   10.000000000  0 0 0
  N       2.088037190    8.352148750   10.000000000  0 0 0
  N       0.000000000    8.352148750   12.088037190  0 0 0
  N       2.088037190   10.440185940   12.088037190  0 0 0
  V       0.006871990    8.351770020   14.224873130  1 1 1
  V       2.085672430    8.366769970   16.402168300  1 1 1
  V       0.007154690   10.445750620   16.349810880  1 1 1
  V       2.096895120   10.442396550   14.224764880  1 1 1
  N       0.005558390   10.442192800   14.292090470  1 1 1
  N       2.095035080    8.353870940   14.306988480  1 1 1
  N       0.007806980    8.361997640   16.404143180  1 1 1
  N       2.090751050   10.445495950   16.402774320  1 1 1
  V       4.176074380    0.000000000   10.000000000  0 0 0
  V       6.264111560    0.000000000   12.088037190  0 0 0
  V       4.176074380    2.088037190   12.088037190  0 0 0
  V       6.264111560    2.088037190   10.000000000  0 0 0
  N       4.176074380    2.088037190   10.000000000  0 0 0
  N       6.264111560    0.000000000   10.000000000  0 0 0
  N       4.176074380    0.000000000   12.088037190  0 0 0
  N       6.264111560    2.088037190   12.088037190  0 0 0
  V       4.178702650    0.003794580   14.239639300  1 1 1
  V       6.283683300   -0.002752160   16.367329910  1 1 1
  V       4.179768100    2.043736580   16.339878840  1 1 1
  V       6.262679100    2.092378530   14.222730530  1 1 1
  N       4.182680100    2.098071700   14.284003510  1 1 1
  N       6.269453430    0.004740490   14.302476470  1 1 1
  N       4.181335120   -0.006606390   16.415485570  1 1 1
  N       6.279435310    2.072304100   16.409258880  1 1 1
  V       4.176074380    4.176074380   10.000000000  0 0 0
  V       6.264111560    4.176074380   12.088037190  0 0 0
  V       4.176074380    6.264111560   12.088037190  0 0 0
  V       6.264111560    6.264111560   10.000000000  0 0 0
  N       4.176074380    6.264111560   10.000000000  0 0 0
  N       6.264111560    4.176074380   10.000000000  0 0 0
  N       4.176074380    4.176074380   12.088037190  0 0 0
  N       6.264111560    6.264111560   12.088037190  0 0 0
  V       4.183317340    4.204876250   14.323891180  1 1 1
  V       6.322719210    4.128677660   16.396294520  1 1 1
  V       4.152329890    6.310061070   16.681222510  1 1 1
  V       6.244143800    6.265632030   14.315758510  1 1 1
  N       4.185879560    6.263192970   14.220994140  1 1 1
  N       6.265785400    4.181378440   14.305440720  1 1 1
  N       4.175807010    4.145386070   16.446230120  1 1 1
  N       6.308597130    6.274932120   16.414811170  1 1 1
  V       4.176074380    8.352148750   10.000000000  0 0 0
  V       6.264111560    8.352148750   12.088037190  0 0 0
  V       4.176074380   10.440185940   12.088037190  0 0 0
  V       6.264111560   10.440185940   10.000000000  0 0 0
  N       4.176074380   10.440185940   10.000000000  0 0 0
  N       6.264111560    8.352148750   10.000000000  0 0 0
  N       4.176074380    8.352148750   12.088037190  0 0 0
  N       6.264111560   10.440185940   12.088037190  0 0 0
  V       4.180554810    8.321677330   14.278172230  1 1 1
  V       6.273589330    8.417802210   16.357313720  1 1 1
  V       4.175633210   10.431533390   16.351813350  1 1 1
  V       6.269380400   10.452772640   14.217363950  1 1 1
  N       4.182337920   10.438132030   14.293288700  1 1 1
  N       6.267972960    8.354100980   14.295106900  1 1 1
  N       4.184381440    8.370056170   16.366176650  1 1 1
  N       6.276949320   10.452560810   16.405207640  1 1 1
  V       8.352148750    0.000000000   10.000000000  0 0 0
  V      10.440185940    0.000000000   12.088037190  0 0 0
  V       8.352148750    2.088037190   12.088037190  0 0 0
  V      10.440185940    2.088037190   10.000000000  0 0 0
  N       8.352148750    2.088037190   10.000000000  0 0 0
  N      10.440185940    0.000000000   10.000000000  0 0 0
  N       8.352148750    0.000000000   12.088037190  0 0 0
  N      10.440185940    2.088037190   12.088037190  0 0 0
  V       8.360472370    0.003196060   14.229176780  1 1 1
  V      10.455483140   -0.003416720   16.359371890  1 1 1
  V       8.371722110    2.080055710   16.354314770  1 1 1
  V      10.444545000    2.090203980   14.229297740  1 1 1
  N       8.356049790    2.091672410   14.293840360  1 1 1
  N      10.447912700    0.000534240   14.297071790  1 1 1
  N       8.371250640   -0.000208090   16.399846830  1 1 1
  N      10.450825620    2.080301590   16.400896650  1 1 1
  V       8.352148750    4.176074380   10.000000000  0 0 0
  V      10.440185940    4.176074380   12.088037190  0 0 0
  V       8.352148750    6.264111560   12.088037190  0 0 0
  V      10.440185940    6.264111560   10.000000000  0 0 0
  N       8.352148750    6.264111560   10.000000000  0 0 0
  N      10.440185940    4.176074380   10.000000000  0 0 0
  N       8.352148750    4.176074380   12.088037190  0 0 0
  N      10.440185940    6.264111560   12.088037190  0 0 0
  V       8.354300030    4.185071150   14.224306700  1 1 1
  V      10.456765400    4.167292130   16.370751220  1 1 1
  V       8.411801830    6.271891780   16.322998270  1 1 1
  V      10.451163800    6.265477850   14.236731160  1 1 1
  N       8.352473210    6.265363430   14.270980540  1 1 1
  N      10.445768730    4.177311190   14.302888500  1 1 1
  N       8.378060140    4.175411060   16.406615860  1 1 1
  N      10.458237660    6.269547070   16.415706330  1 1 1
  V       8.352148750    8.352148750   10.000000000  0 0 0
  V      10.440185940    8.352148750   12.088037190  0 0 0
  V       8.352148750   10.440185940   12.088037190  0 0 0
  V      10.440185940   10.440185940   10.000000000  0 0 0
  N       8.352148750   10.440185940   10.000000000  0 0 0
  N      10.440185940    8.352148750   10.000000000  0 0 0
  N       8.352148750    8.352148750   12.088037190  0 0 0
  N      10.440185940   10.440185940   12.088037190  0 0 0
  V       8.354215120    8.344299740   14.223295700  1 1 1
  V      10.455904280    8.366518610   16.366550380  1 1 1
  V       8.375196410   10.443737060   16.352182650  1 1 1
  V      10.444050300   10.437679290   14.223337010  1 1 1
  N       8.358170660   10.440491490   14.293192850  1 1 1
  N      10.446811350    8.352130900   14.301930440  1 1 1
  N       8.364657460    8.358062390   16.407549160  1 1 1
  N      10.451958560   10.446522510   16.399902750  1 1 1
  S       4.285500170    6.259686240   19.101043630  0 0 0
  Li      6.372890980    6.332694700   18.413235610  0 0 0
  Li      2.090939290    2.086385590   18.501043630  1 1 1

K_POINTS (automatic)
  4 4 1 0 0 0

HUBBARD {atomic}
U V-3d 2.5
