    #         X           Y           Z       CHARGE      MIN DIST   ATOMIC VOL
 --------------------------------------------------------------------------------
    1   23.674900   23.674900   18.897261   11.489907     1.841362   244.678148
    2    3.945818   23.674900   22.843080   11.451831     1.841836    56.240914
    3   23.674900    3.945818   22.843080   11.470846     1.841836    56.875327
    4    3.945818    3.945818   18.897261   11.480130     1.841394   227.675413
    5   23.674900    3.945818   18.897261    6.514425     1.920656   270.457718
    6    3.945818   23.674900   18.897261    6.519774     1.920656   269.699285
    7   23.674900   23.674900   22.843080    6.521843     1.887296    68.201738
    8    3.945818    3.945818   22.843080    6.527338     1.887296    69.847395
    9    0.005231    0.009681   26.852910   11.459122     1.831969    56.405480
   10    3.892136    0.035019   30.864783   11.442530     1.776003   133.741805
   11   23.595663    3.913294   30.991193   11.477777     1.809849   101.763595
   12    3.916613    4.052571   27.039192   11.463900     1.812432    56.479415
   13   23.661467    3.954594   27.028387    6.523673     1.923750    70.073971
   14    3.930131    0.030956   27.002569    6.573503     1.942109    70.968349
   15   23.607347   23.661691   30.971051    6.502841     1.906068   186.627011
   16    3.929692    3.920675   31.011192    6.522194     1.921487   124.170761
   17   23.674900    7.891637   18.897261   11.491924     1.841362   239.295181
   18    3.945818    7.891637   22.843080   11.455124     1.841859    55.904628
   19   23.674900   11.837455   22.843080   11.472763     1.841836    56.663061
   20    3.945818   11.837455   18.897261   11.488024     1.841377   234.880528
   21   23.674900   11.837455   18.897261    6.518060     1.920656   282.153805
   22    3.945818    7.891637   18.897261    6.512622     1.920656   259.570148
   23   23.674900    7.891637   22.843080    6.538632     1.887296    69.794925
   24    3.945818   11.837455   22.843080    6.525263     1.887296    69.842625
   25    0.072511    7.908820   26.986993   11.437651     1.825467    55.985718
   26    3.863332    7.922174   31.536605   11.447594     1.811825    65.881124
   27    0.004370   11.853114   30.883232   11.406113     1.793369    87.398681
   28    4.046103   11.765633   27.042141   11.409928     1.773343    54.833759
   29    0.036335   11.839091   26.986183    6.551344     1.936901    70.205146
   30    3.959942    7.893542   26.872901    6.488421     1.839544    71.311791
   31   23.612594    7.901458   30.977616    6.515525     1.904143   108.928164
   32    3.958546   11.815159   30.787021    6.499367     1.835130    82.573807
   33   23.674900   15.783274   18.897261   11.481159     1.841362   258.623300
   34    3.945818   15.783274   22.843080   11.465180     1.841842    56.660676
   35   23.674900   19.729092   22.843080   11.476543     1.841834    56.884867
   36    3.945818   19.729092   18.897261   11.482514     1.841360   259.574918
   37   23.674900   19.729092   18.897261    6.513562     1.920656   293.425361
   38    3.945818   15.783274   18.897261    6.522208     1.920656   287.217181
   39   23.674900   15.783274   22.843080    6.519530     1.887296    69.096117
   40    3.945818   19.729092   22.843080    6.526518     1.887296    69.599354
   41    0.079922   15.765384   26.944097   11.455796     1.825240    56.214679
   42    3.954086   15.746529   31.203719   11.446898     1.805266   102.805844
   43   23.652039   19.723497   30.949526   11.447139     1.819811   178.415422
   44    3.956674   19.721657   27.018159   11.441216     1.830533    56.314850
   45    0.014307   19.725549   27.007212    6.536432     1.944914    70.145521
   46    3.973434   15.762281   26.999136    6.523069     1.869259    71.359491
   47   23.643836   15.760343   30.981544    6.548524     1.942398   191.459041
   48    3.942515   19.766639   30.986277    6.520664     1.896715   205.962285
   49    7.891637   23.674900   18.897261   11.484662     1.841362   229.571496
   50   11.837455   23.674900   22.843080   11.500625     1.841836    57.302244
   51    7.891637    3.945818   22.843080   11.464068     1.841859    56.465105
   52   11.837455    3.945818   18.897261   11.491599     1.841377   216.563653
   53    7.891637    3.945818   18.897261    6.511207     1.920656   251.589906
   54   11.837455   23.674900   18.897261    6.516880     1.920656   266.360271
   55    7.891637   23.674900   22.843080    6.529870     1.887296    68.289983
   56   11.837455    3.945818   22.843080    6.533200     1.887296    69.885555
   57    7.877930   23.670460   26.836288   11.477083     1.828318    56.522345
   58   11.852728    0.012145   30.862567   11.442318     1.826226    90.627985
   59    7.890531    3.817816   30.742703   11.469328     1.790637    89.039568
   60   11.885278    4.023222   27.012014   11.411570     1.794374    55.036484
   61    7.884611    3.969335   26.960079    6.510466     1.854286    68.623885
   62   11.844703    0.022948   26.976496    6.517933     1.837865    69.506338
   63    7.892556    0.020741   30.953875    6.501077     1.821840   168.703663
   64   11.816401    3.926107   30.863371    6.512879     1.911518    87.897148
   65    7.891637    7.891637   18.897261   11.481233     1.841385   218.266550
   66   11.837455    7.891637   22.843080   11.457038     1.841851    56.031033
   67    7.891637   11.837455   22.843080   11.447446     1.841851    55.647047
   68   11.837455   11.837455   18.897261   11.495434     1.841377   220.131628
   69    7.891637   11.837455   18.897261    6.509819     1.920656   258.449194
   70   11.837455    7.891637   18.897261    6.510030     1.920656   243.239987
   71    7.891637    7.891637   22.843080    6.493969     1.887296    69.892710
   72   11.837455   11.837455   22.843080    6.530140     1.887296    70.026271
   73    7.870300    7.897799   27.174577   11.406399     1.777632    55.744832
   74   11.866817    7.918165   31.344727   11.452927     1.812846    61.323370
   75    7.863108   11.844115   31.541881   11.450019     1.813121    65.890664
   76   11.741600   11.767907   27.030715   11.427016     1.784922    55.477711
   77    7.874520   11.785562   26.874264    6.493435     1.825041    71.516902
   78   11.817360    7.889794   26.885879    6.494149     1.839662    71.020820
   79    7.877074    7.798257   31.056703    6.614376     1.863362    84.481814
   80   11.792927   11.838500   30.895444    6.546399     1.919971    98.782333
   81    7.891637   15.783274   18.897261   11.498015     1.841368   241.176953
   82   11.837455   15.783274   22.843080   11.503286     1.841842    57.555055
   83    7.891637   19.729092   22.843080   11.480263     1.841834    56.934952
   84   11.837455   19.729092   18.897261   11.492776     1.841360   243.080191
   85    7.891637   19.729092   18.897261    6.515595     1.920656   284.052273
   86   11.837455   15.783274   18.897261    6.523925     1.920656   271.736083
   87    7.891637   15.783274   22.843080    6.531879     1.887296    69.749609
   88   11.837455   19.729092   22.843080    6.513005     1.887296    68.230358
   89    7.865048   15.704396   27.007121   11.419196     1.808045    55.694747
   90   11.790543   15.762491   30.826849   11.430337     1.795465   102.068876
   91    7.882482   19.746958   30.896004   11.417497     1.806179   135.895469
   92   11.836954   19.742472   26.881717   11.477644     1.827958    57.020813
   93    7.884799   19.720181   26.998905    6.542093     1.953197    70.050121
   94   11.813051   15.767367   26.993565    6.505869     1.820870    69.088962
   95    7.903542   15.782021   30.938971    6.546065     1.945887   111.725781
   96   11.811467   19.729323   31.006177    6.528444     1.946992   202.086644
   97   15.783274   23.674900   18.897261   11.498098     1.841362   229.421240
   98   19.729092   23.674900   22.843080   11.510431     1.841834    57.473964
   99   15.783274    3.945818   22.843080   11.458958     1.841842    55.852158
  100   19.729092    3.945818   18.897261   11.496152     1.841360   226.645089
  101   15.783274    3.945818   18.897261    6.514687     1.920656   251.961967
  102   19.729092   23.674900   18.897261    6.526846     1.920656   270.829779
  103   15.783274   23.674900   22.843080    6.536848     1.887296    69.670904
  104   19.729092    3.945818   22.843080    6.530664     1.887296    69.499183
  105   15.774974    0.090450   26.983025   11.426994     1.831657    55.654202
  106   19.698970   23.634555   30.797054   11.425791     1.802095    97.439572
  107   15.768362    4.000171   31.471832   11.436473     1.793410    67.171414
  108   19.674633    3.954173   26.990639   11.410966     1.787255    55.620812
  109   15.774377    3.981837   26.882444    6.532767     1.871260    72.117924
  110   19.719561    0.007732   26.966460    6.513653     1.847784    68.719285
  111   15.792538    0.003287   30.944324    6.538864     1.964592   118.155767
  112   19.697233    3.936897   30.942930    6.505894     1.874200   106.733955
  113   15.783274    7.891637   18.897261   11.485624     1.841368   214.207263
  114   19.729092    7.891637   22.843080   11.490206     1.841834    57.161528
  115   15.783274   11.837455   22.843080   11.476330     1.841842    56.887252
  116   19.729092   11.837455   18.897261   11.485952     1.841360   227.944919
  117   15.783274   11.837455   18.897261    6.514163     1.920656   252.708475
  118   19.729092    7.891637   18.897261    6.522048     1.920656   258.654305
  119   15.783274    7.891637   22.843080    6.520567     1.887296    69.554039
  120   19.729092   11.837455   22.843080    6.524714     1.887296    68.230358
  121   15.731385    7.887129   27.030065   11.410177     1.784897    55.315531
  122   19.739218    7.917973   30.788720   11.428266     1.815596    81.259666
  123   15.762244   11.849495   30.920104   11.417894     1.820816    91.975515
  124   19.716826   11.851664   26.847493   11.480079     1.827551    56.682141
  125   15.753778   11.838976   26.994335    6.530967     1.943640    70.093051
  126   19.733691    7.897031   26.971535    6.503825     1.842682    69.191517
  127   15.822712    7.907568   30.872560    6.503472     1.879537    88.533946
  128   19.715935   11.842451   30.940083    6.512074     1.960651   155.824610
  129   15.783274   15.783274   18.897261   11.475954     1.841368   231.045432
  130   19.729092   15.783274   22.843080   11.459957     1.841834    56.259994
  131   15.783274   19.729092   22.843080   11.485770     1.841834    56.989807
  132   19.729092   19.729092   18.897261   11.487298     1.841360   248.107792
  133   15.783274   19.729092   18.897261    6.521036     1.920656   278.392645
  134   19.729092   15.783274   18.897261    6.520021     1.920656   276.377312
  135   15.783274   15.783274   22.843080    6.514841     1.887296    68.430699
  136   19.729092   19.729092   22.843080    6.523529     1.887296    68.237513
  137   15.755440   15.788105   26.896494   11.472398     1.813627    56.806162
  138   19.715898   15.775382   30.829302   11.453664     1.829008   148.493090
  139   15.770737   19.732941   30.893127   11.414601     1.803238   138.041978
  140   19.730110   19.701064   26.854274   11.472723     1.813637    56.658291
  141   15.776088   19.749458   27.005419    6.543867     1.946771    70.159831
  142   19.736036   15.785173   26.980905    6.537289     1.833312    69.969030
  143   15.756618   15.780156   30.997995    6.536253     1.946411   198.900271
  144   19.715188   19.725335   30.963577    6.528913     1.959861   214.305049
  145    6.990786   11.586398   36.076489    6.690950     1.883151   690.002393
  146   12.291163    7.713757   35.811038    6.676444     1.796435   255.336756
  147   14.571294    4.401994   36.004106    6.152425     1.780206   274.271348
  148   17.531524    5.549086   38.298304    6.072473     1.735778   543.131110
  149   16.074981    4.951509   41.967140    6.049227     1.773607  2232.454963
  150   13.491860    7.691248   43.051805    6.081620     1.726800  2188.682879
  151    9.855693    6.547795   42.436862    6.567901     1.708176  2599.875251
  152    4.029794    8.836130   36.037785    6.610041     1.878316   660.809874
  153    7.951949    7.221307   35.022142    2.141632     1.290111    36.349933
  154    9.889354    9.552372   39.342226    2.120967     1.263882   386.528986
 --------------------------------------------------------------------------------
    VACUUM CHARGE:               0.0000
    VACUUM VOLUME:               0.0000
    NUMBER OF ELECTRONS:      1349.9997
