&CONTROL
  calculation = 'relax'
  prefix = 'TiN_Li2S_combi'
  pseudo_dir = '/scratch/anizami/QE_2/USPP/'
  outdir = './tmp/'
  disk_io = 'low'
  verbosity = 'low'
  forc_conv_thr = 0.000778
/
&SYSTEM
  ibrav = 0, nat = 147, ntyp = 4
  ecutwfc = 45.0, ecutrho = 450.0
  occupations = 'smearing', smearing = 'cold', degauss = 0.015
  vdw_corr = 'dft-d3', dftd3_version = 4
/
&ELECTRONS
  conv_thr = 1.0d-6
  mixing_beta = 0.3
  electron_maxstep = 250
/
&IONS
  ion_dynamics = 'bfgs'
/

CELL_PARAMETERS (angstrom)
    12.6417492850    0.0000000000    0.0000000000
     0.0000000000   12.6417492850    0.0000000000
     0.0000000000    0.0000000000   26.3208805164

ATOMIC_SPECIES
  Ti   1.0  ti_pbe_v1.4.uspp.F.UPF
  N    1.0  n_pbe_v1.2.uspp.F.UPF
  S    1.0  s_pbe_v1.4.uspp.F.UPF
  Li   1.0  li_pbe_v1.4.uspp.F.UPF

ATOMIC_POSITIONS (angstrom)
  Ti      0.000000000    0.000000000   10.000000000  0 0 0
  Ti      2.106958230    0.000000000   12.106958230  0 0 0
  Ti      0.000000000    2.106958230   12.106958230  0 0 0
  Ti      2.106958230    2.106958230   10.000000000  0 0 0
  Ti     -0.000000280   -0.000000230   14.207341740  1 1 1
  Ti      2.106952350    0.000000140   16.217779690  1 1 1
  Ti     -0.000000040    2.106952480   16.217780350  1 1 1
  Ti      2.106960860    2.106960870   14.207343380  1 1 1
  Ti      0.000000000    4.213916470   10.000000000  0 0 0
  Ti      2.106958230    4.213916470   12.106958230  0 0 0
  Ti      0.000000000    6.320874700   12.106958230  0 0 0
  Ti      2.106958230    6.320874700   10.000000000  0 0 0
  Ti     -0.000000140    4.213917910   14.207343440  1 1 1
  Ti      2.106957010    4.213912230   16.217787200  1 1 1
  Ti     -0.000000270    6.320874630   16.217785730  1 1 1
  Ti      2.106967090    6.320874500   14.207349270  1 1 1
  Ti      0.000000000    8.427832940   10.000000000  0 0 0
  Ti      2.106958230    8.427832940   12.106958230  0 0 0
  Ti      0.000000000   10.534791170   12.106958230  0 0 0
  Ti      2.106958230   10.534791170   10.000000000  0 0 0
  Ti     -0.000000200    8.427831670   14.207342870  1 1 1
  Ti      2.106957000    8.427836730   16.217787700  1 1 1
  Ti      0.000000120   10.534797020   16.217779890  1 1 1
  Ti      2.106961000   10.534788250   14.207343210  1 1 1
  Ti      4.213916470    0.000000000   10.000000000  0 0 0
  Ti      6.320874700    0.000000000   12.106958230  0 0 0
  Ti      4.213916470    2.106958230   12.106958230  0 0 0
  Ti      6.320874700    2.106958230   10.000000000  0 0 0
  Ti      4.213917750   -0.000000290   14.207343120  1 1 1
  Ti      6.320874500   -0.000000010   16.217784700  1 1 1
  Ti      4.213912290    2.106957070   16.217788160  1 1 1
  Ti      6.320874630    2.106967230   14.207349350  1 1 1
  Ti      4.213916470    4.213916470   10.000000000  0 0 0
  Ti      6.320874700    4.213916470   12.106958230  0 0 0
  Ti      4.213916470    6.320874700   12.106958230  0 0 0
  Ti      6.320874700    6.320874700   10.000000000  0 0 0
  Ti      4.213924550    4.213924430   14.207354080  1 1 1
  Ti      6.320874770    4.213917070   16.217797860  1 1 1
  Ti      4.213917040    6.320874820   16.217798200  1 1 1
  Ti      6.320874640    6.320874510   14.207357830  1 1 1
  Ti      4.213916470    8.427832940   10.000000000  0 0 0
  Ti      6.320874700    8.427832940   12.106958230  0 0 0
  Ti      4.213916470   10.534791170   12.106958230  0 0 0
  Ti      6.320874700   10.534791170   10.000000000  0 0 0
  Ti      4.213924500    8.427825030   14.207353600  1 1 1
  Ti      6.320874910    8.427831930   16.217797710  1 1 1
  Ti      4.213912240   10.534792200   16.217787360  1 1 1
  Ti      6.320874530   10.534782020   14.207349480  1 1 1
  Ti      8.427832940    0.000000000   10.000000000  0 0 0
  Ti     10.534791170    0.000000000   12.106958230  0 0 0
  Ti      8.427832940    2.106958230   12.106958230  0 0 0
  Ti     10.534791170    2.106958230   10.000000000  0 0 0
  Ti      8.427831490   -0.000000040   14.207343290  1 1 1
  Ti     10.534797070   -0.000000010   16.217780280  1 1 1
  Ti      8.427836900    2.106956940   16.217787880  1 1 1
  Ti     10.534788260    2.106960830   14.207342820  1 1 1
  Ti      8.427832940    4.213916470   10.000000000  0 0 0
  Ti     10.534791170    4.213916470   12.106958230  0 0 0
  Ti      8.427832940    6.320874700   12.106958230  0 0 0
  Ti     10.534791170    6.320874700   10.000000000  0 0 0
  Ti      8.427824710    4.213924390   14.207353880  1 1 1
  Ti     10.534792630    4.213912110   16.217788300  1 1 1
  Ti      8.427832320    6.320874530   16.217798560  1 1 1
  Ti     10.534782370    6.320874740   14.207349200  1 1 1
  Ti      8.427832940    8.427832940   10.000000000  0 0 0
  Ti     10.534791170    8.427832940   12.106958230  0 0 0
  Ti      8.427832940   10.534791170   12.106958230  0 0 0
  Ti     10.534791170   10.534791170   10.000000000  0 0 0
  Ti      8.427824410    8.427824940   14.207353510  1 1 1
  Ti     10.534792520    8.427836740   16.217786930  1 1 1
  Ti      8.427836720   10.534792380   16.217787620  1 1 1
  Ti     10.534788480   10.534788330   14.207342710  1 1 1
  N       0.000000000    2.106958230   10.000000000  0 0 0
  N       2.106958230    0.000000000   10.000000000  0 0 0
  N       0.000000000    0.000000000   12.106958230  0 0 0
  N       2.106958230    2.106958230   12.106958230  0 0 0
  N      -0.000000480    2.106961180   14.225377900  1 1 1
  N       2.106961040   -0.000000140   14.225377480  1 1 1
  N       0.000000120    0.000000040   16.389369330  1 1 1
  N       2.106956600    2.106956690   16.389377130  1 1 1
  N       0.000000000    6.320874700   10.000000000  0 0 0
  N       2.106958230    4.213916470   10.000000000  0 0 0
  N       0.000000000    4.213916470   12.106958230  0 0 0
  N       2.106958230    6.320874700   12.106958230  0 0 0
  N      -0.000000530    6.320874430   14.225384170  1 1 1
  N       2.106962430    4.213918760   14.225384860  1 1 1
  N       0.000000070    4.213913700   16.389378910  1 1 1
  N       2.106956340    6.320874580   16.389389950  1 1 1
  N       0.000000000   10.534791170   10.000000000  0 0 0
  N       2.106958230    8.427832940   10.000000000  0 0 0
  N       0.000000000    8.427832940   12.106958230  0 0 0
  N       2.106958230   10.534791170   12.106958230  0 0 0
  N      -0.000000140   10.534788190   14.225377290  1 1 1
  N       2.106962500    8.427830030   14.225384980  1 1 1
  N      -0.000000370    8.427835380   16.389378570  1 1 1
  N       2.106956640   10.534792680   16.389376900  1 1 1
  N       4.213916470    2.106958230   10.000000000  0 0 0
  N       6.320874700    0.000000000   10.000000000  0 0 0
  N       4.213916470    0.000000000   12.106958230  0 0 0
  N       6.320874700    2.106958230   12.106958230  0 0 0
  N       4.213919020    2.106962500   14.225384790  1 1 1
  N       6.320874690   -0.000000390   14.225384100  1 1 1
  N       4.213913630   -0.000000370   16.389379240  1 1 1
  N       6.320874540    2.106956360   16.389390410  1 1 1
  N       4.213916470    6.320874700   10.000000000  0 0 0
  N       6.320874700    4.213916470   10.000000000  0 0 0
  N       4.213916470    4.213916470   12.106958230  0 0 0
  N       6.320874700    6.320874700   12.106958230  0 0 0
  N       4.213920080    6.320874530   14.225390740  1 1 1
  N       6.320874550    4.213919850   14.225390790  1 1 1
  N       4.213913990    4.213914080   16.389397630  1 1 1
  N       6.320874390    6.320874740   16.389413470  1 1 1
  N       4.213916470   10.534791170   10.000000000  0 0 0
  N       6.320874700    8.427832940   10.000000000  0 0 0
  N       4.213916470    8.427832940   12.106958230  0 0 0
  N       6.320874700   10.534791170   12.106958230  0 0 0
  N       4.213918910   10.534786940   14.225384590  1 1 1
  N       6.320874440    8.427829390   14.225390800  1 1 1
  N       4.213914100    8.427835400   16.389397520  1 1 1
  N       6.320874430   10.534793020   16.389390000  1 1 1
  N       8.427832940    2.106958230   10.000000000  0 0 0
  N      10.534791170    0.000000000   10.000000000  0 0 0
  N       8.427832940    0.000000000   12.106958230  0 0 0
  N      10.534791170    2.106958230   12.106958230  0 0 0
  N       8.427830680    2.106962470   14.225384650  1 1 1
  N      10.534788490   -0.000000110   14.225377970  1 1 1
  N       8.427835720    0.000000010   16.389379380  1 1 1
  N      10.534792540    2.106956750   16.389377360  1 1 1
  N       8.427832940    6.320874700   10.000000000  0 0 0
  N      10.534791170    4.213916470   10.000000000  0 0 0
  N       8.427832940    4.213916470   12.106958230  0 0 0
  N      10.534791170    6.320874700   12.106958230  0 0 0
  N       8.427829400    6.320874630   14.225390780  1 1 1
  N      10.534786760    4.213919000   14.225384810  1 1 1
  N       8.427835560    4.213914010   16.389397630  1 1 1
  N      10.534792960    6.320874480   16.389390080  1 1 1
  N       8.427832940   10.534791170   10.000000000  0 0 0
  N      10.534791170    8.427832940   10.000000000  0 0 0
  N       8.427832940    8.427832940   12.106958230  0 0 0
  N      10.534791170   10.534791170   12.106958230  0 0 0
  N       8.427830690   10.534786900   14.225384350  1 1 1
  N      10.534786790    8.427830580   14.225384370  1 1 1
  N       8.427835240    8.427835130   16.389396990  1 1 1
  N      10.534793000   10.534792910   16.389376680  1 1 1
  S       4.747620610    6.223764190   19.604998380  1 1 1
  Li      6.783307220    6.664519090   19.425915970  1 1 1
  Li      4.213913990    4.213914080   19.389413470  1 1 1

K_POINTS (automatic)
  4 4 1 0 0 0
