&CONTROL
  calculation = 'relax'
  prefix = 'ScN_slab'
  pseudo_dir = '/scratch/anizami/QE_2/USPP/'
  outdir = './tmp/'
  disk_io = 'low'
  verbosity = 'low'
/
&SYSTEM
  ibrav = 0, nat = 144, ntyp = 3
  ecutwfc = 45.0, ecutrho = 450.0
  occupations = 'smearing', smearing = 'cold', degauss = 0.01
/
&ELECTRONS
  conv_thr = 1.0d-6
  mixing_beta = 0.3
  electron_maxstep = 125
/
&IONS
  ion_dynamics = 'bfgs'
/

CELL_PARAMETERS (angstrom)
    13.7004492060    0.0000000000    0.0000000000
     0.0000000000   13.7004492060    0.0000000000
     0.0000000000    0.0000000000   26.8502246058

ATOMIC_SPECIES
  Sc1  1.0  sc_pbe_v1.uspp.F.UPF
  Sc2  1.0  sc_pbe_v1.uspp.F.UPF
  N   0.0  n_pbe_v1.2.uspp.F.UPF

ATOMIC_POSITIONS (angstrom)
  Sc2     0.000000000    0.000000000   10.000000000 0 0 0
  Sc2     2.283408200    0.000000000   12.283408200 0 0 0
  Sc2     0.000000000    2.283408200   12.283408200 0 0 0
  Sc2     2.283408200    2.283408200   10.000000000 0 0 0
  Sc1     0.000000000    0.000000000   14.566816400 1 1 1
  Sc1     2.283408200    0.000000000   16.850224610 1 1 1
  Sc1     0.000000000    2.283408200   16.850224610 1 1 1
  Sc1     2.283408200    2.283408200   14.566816400 1 1 1
  Sc2     0.000000000    4.566816400   10.000000000 0 0 0
  Sc2     2.283408200    4.566816400   12.283408200 0 0 0
  Sc2     0.000000000    6.850224610   12.283408200 0 0 0
  Sc2     2.283408200    6.850224610   10.000000000 0 0 0
  Sc1     0.000000000    4.566816400   14.566816400 1 1 1
  Sc1     2.283408200    4.566816400   16.850224610 1 1 1
  Sc1     0.000000000    6.850224610   16.850224610 1 1 1
  Sc1     2.283408200    6.850224610   14.566816400 1 1 1
  Sc2     0.000000000    9.133632800   10.000000000 0 0 0
  Sc2     2.283408200    9.133632800   12.283408200 0 0 0
  Sc2     0.000000000   11.417041010   12.283408200 0 0 0
  Sc2     2.283408200   11.417041010   10.000000000 0 0 0
  Sc1     0.000000000    9.133632800   14.566816400 1 1 1
  Sc1     2.283408200    9.133632800   16.850224610 1 1 1
  Sc1     0.000000000   11.417041010   16.850224610 1 1 1
  Sc1     2.283408200   11.417041010   14.566816400 1 1 1
  Sc2     4.566816400    0.000000000   10.000000000 0 0 0
  Sc2     6.850224610    0.000000000   12.283408200 0 0 0
  Sc2     4.566816400    2.283408200   12.283408200 0 0 0
  Sc2     6.850224610    2.283408200   10.000000000 0 0 0
  Sc1     4.566816400    0.000000000   14.566816400 1 1 1
  Sc1     6.850224610    0.000000000   16.850224610 1 1 1
  Sc1     4.566816400    2.283408200   16.850224610 1 1 1
  Sc1     6.850224610    2.283408200   14.566816400 1 1 1
  Sc2     4.566816400    4.566816400   10.000000000 0 0 0
  Sc2     6.850224610    4.566816400   12.283408200 0 0 0
  Sc2     4.566816400    6.850224610   12.283408200 0 0 0
  Sc2     6.850224610    6.850224610   10.000000000 0 0 0
  Sc1     4.566816400    4.566816400   14.566816400 1 1 1
  Sc1     6.850224610    4.566816400   16.850224610 1 1 1
  Sc1     4.566816400    6.850224610   16.850224610 1 1 1
  Sc1     6.850224610    6.850224610   14.566816400 1 1 1
  Sc2     4.566816400    9.133632800   10.000000000 0 0 0
  Sc2     6.850224610    9.133632800   12.283408200 0 0 0
  Sc2     4.566816400   11.417041010   12.283408200 0 0 0
  Sc2     6.850224610   11.417041010   10.000000000 0 0 0
  Sc1     4.566816400    9.133632800   14.566816400 1 1 1
  Sc1     6.850224610    9.133632800   16.850224610 1 1 1
  Sc1     4.566816400   11.417041010   16.850224610 1 1 1
  Sc1     6.850224610   11.417041010   14.566816400 1 1 1
  Sc2     9.133632800    0.000000000   10.000000000 0 0 0
  Sc2    11.417041010    0.000000000   12.283408200 0 0 0
  Sc2     9.133632800    2.283408200   12.283408200 0 0 0
  Sc2    11.417041010    2.283408200   10.000000000 0 0 0
  Sc1     9.133632800    0.000000000   14.566816400 1 1 1
  Sc1    11.417041010    0.000000000   16.850224610 1 1 1
  Sc1     9.133632800    2.283408200   16.850224610 1 1 1
  Sc1    11.417041010    2.283408200   14.566816400 1 1 1
  Sc2     9.133632800    4.566816400   10.000000000 0 0 0
  Sc2    11.417041010    4.566816400   12.283408200 0 0 0
  Sc2     9.133632800    6.850224610   12.283408200 0 0 0
  Sc2    11.417041010    6.850224610   10.000000000 0 0 0
  Sc1     9.133632800    4.566816400   14.566816400 1 1 1
  Sc1    11.417041010    4.566816400   16.850224610 1 1 1
  Sc1     9.133632800    6.850224610   16.850224610 1 1 1
  Sc1    11.417041010    6.850224610   14.566816400 1 1 1
  Sc2     9.133632800    9.133632800   10.000000000 0 0 0
  Sc2    11.417041010    9.133632800   12.283408200 0 0 0
  Sc2     9.133632800   11.417041010   12.283408200 0 0 0
  Sc2    11.417041010   11.417041010   10.000000000 0 0 0
  Sc1     9.133632800    9.133632800   14.566816400 1 1 1
  Sc1    11.417041010    9.133632800   16.850224610 1 1 1
  Sc1     9.133632800   11.417041010   16.850224610 1 1 1
  Sc1    11.417041010   11.417041010   14.566816400 1 1 1
  N       0.000000000    2.283408200   10.000000000 0 0 0
  N       2.283408200    0.000000000   10.000000000 0 0 0
  N       0.000000000    0.000000000   12.283408200 0 0 0
  N       2.283408200    2.283408200   12.283408200 0 0 0
  N       0.000000000    2.283408200   14.566816400 1 1 1
  N       2.283408200    0.000000000   14.566816400 1 1 1
  N       0.000000000    0.000000000   16.850224610 1 1 1
  N       2.283408200    2.283408200   16.850224610 1 1 1
  N       0.000000000    6.850224610   10.000000000 0 0 0
  N       2.283408200    4.566816400   10.000000000 0 0 0
  N       0.000000000    4.566816400   12.283408200 0 0 0
  N       2.283408200    6.850224610   12.283408200 0 0 0
  N       0.000000000    6.850224610   14.566816400 1 1 1
  N       2.283408200    4.566816400   14.566816400 1 1 1
  N       0.000000000    4.566816400   16.850224610 1 1 1
  N       2.283408200    6.850224610   16.850224610 1 1 1
  N       0.000000000   11.417041010   10.000000000 0 0 0
  N       2.283408200    9.133632800   10.000000000 0 0 0
  N       0.000000000    9.133632800   12.283408200 0 0 0
  N       2.283408200   11.417041010   12.283408200 0 0 0
  N       0.000000000   11.417041010   14.566816400 1 1 1
  N       2.283408200    9.133632800   14.566816400 1 1 1
  N       0.000000000    9.133632800   16.850224610 1 1 1
  N       2.283408200   11.417041010   16.850224610 1 1 1
  N       4.566816400    2.283408200   10.000000000 0 0 0
  N       6.850224610    0.000000000   10.000000000 0 0 0
  N       4.566816400    0.000000000   12.283408200 0 0 0
  N       6.850224610    2.283408200   12.283408200 0 0 0
  N       4.566816400    2.283408200   14.566816400 1 1 1
  N       6.850224610    0.000000000   14.566816400 1 1 1
  N       4.566816400    0.000000000   16.850224610 1 1 1
  N       6.850224610    2.283408200   16.850224610 1 1 1
  N       4.566816400    6.850224610   10.000000000 0 0 0
  N       6.850224610    4.566816400   10.000000000 0 0 0
  N       4.566816400    4.566816400   12.283408200 0 0 0
  N       6.850224610    6.850224610   12.283408200 0 0 0
  N       4.566816400    6.850224610   14.566816400 1 1 1
  N       6.850224610    4.566816400   14.566816400 1 1 1
  N       4.566816400    4.566816400   16.850224610 1 1 1
  N       6.850224610    6.850224610   16.850224610 1 1 1
  N       4.566816400   11.417041010   10.000000000 0 0 0
  N       6.850224610    9.133632800   10.000000000 0 0 0
  N       4.566816400    9.133632800   12.283408200 0 0 0
  N       6.850224610   11.417041010   12.283408200 0 0 0
  N       4.566816400   11.417041010   14.566816400 1 1 1
  N       6.850224610    9.133632800   14.566816400 1 1 1
  N       4.566816400    9.133632800   16.850224610 1 1 1
  N       6.850224610   11.417041010   16.850224610 1 1 1
  N       9.133632800    2.283408200   10.000000000 0 0 0
  N      11.417041010    0.000000000   10.000000000 0 0 0
  N       9.133632800    0.000000000   12.283408200 0 0 0
  N      11.417041010    2.283408200   12.283408200 0 0 0
  N       9.133632800    2.283408200   14.566816400 1 1 1
  N      11.417041010    0.000000000   14.566816400 1 1 1
  N       9.133632800    0.000000000   16.850224610 1 1 1
  N      11.417041010    2.283408200   16.850224610 1 1 1
  N       9.133632800    6.850224610   10.000000000 0 0 0
  N      11.417041010    4.566816400   10.000000000 0 0 0
  N       9.133632800    4.566816400   12.283408200 0 0 0
  N      11.417041010    6.850224610   12.283408200 0 0 0
  N       9.133632800    6.850224610   14.566816400 1 1 1
  N      11.417041010    4.566816400   14.566816400 1 1 1
  N       9.133632800    4.566816400   16.850224610 1 1 1
  N      11.417041010    6.850224610   16.850224610 1 1 1
  N       9.133632800   11.417041010   10.000000000 0 0 0
  N      11.417041010    9.133632800   10.000000000 0 0 0
  N       9.133632800    9.133632800   12.283408200 0 0 0
  N      11.417041010   11.417041010   12.283408200 0 0 0
  N       9.133632800   11.417041010   14.566816400 1 1 1
  N      11.417041010    9.133632800   14.566816400 1 1 1
  N       9.133632800    9.133632800   16.850224610 1 1 1
  N      11.417041010   11.417041010   16.850224610 1 1 1

K_POINTS (automatic)
  2 2 1 0 0 0

HUBBARD {ortho-atomic}
U Sc1-3d 3.54
U Sc2-3d 3.56
