    #         X           Y           Z       CHARGE      MIN DIST   ATOMIC VOL
 --------------------------------------------------------------------------------
    1   24.898636   24.898636   18.897261   11.397582     2.037639   380.376025
    2    4.149773   24.898636   23.047034   11.340293     2.074846    77.873498
    3   24.898636    4.149773   23.047034   11.341162     2.074846    77.953612
    4    4.149773    4.149773   18.897261   11.390655     2.037639   353.009076
    5   24.710337   24.699630   27.300631   11.481532     2.015519    77.999010
    6    4.178425   24.827013   31.086556   11.255123     1.918634   114.328047
    7   24.831761    4.130590   31.069473   11.251367     1.901454   112.277128
    8    4.370624    4.390453   27.309029   11.440869     1.993226    76.706503
    9   24.898636    8.299545   18.897261   11.390217     2.037639   349.353206
   10    4.149773    8.299545   23.047034   11.336664     2.074846    77.400825
   11   24.898636   12.449318   23.047034   11.341242     2.074846    78.295432
   12    4.149773   12.449318   18.897261   11.387836     2.037639   343.568974
   13   24.678095    8.110077   27.361624   11.439269     2.019426    77.192529
   14    4.210655    8.109730   31.232334   11.258297     2.014904    81.198230
   15    0.056355   12.469613   31.116849   11.196857     1.948476   113.502873
   16    4.370634   12.610121   27.356812   11.421936     1.992489    77.034971
   17   24.898636   16.599090   18.897261   11.399262     2.037639   367.720680
   18    4.149773   16.599090   23.047034   11.339712     2.074846    78.009692
   19   24.898636   20.748863   23.047034   11.339276     2.074846    77.723952
   20    4.149773   20.748863   18.897261   11.391904     2.037639   372.786557
   21   24.696205   16.388308   27.336706   11.466222     2.003514    77.737304
   22    4.143692   16.627239   31.100330   11.302467     1.931250   116.795559
   23   24.869893   20.744164   31.094652   11.264605     1.925579   146.152006
   24    4.337967   20.923713   27.329499   11.502015     2.025517    78.258045
   25    8.299545   24.898636   18.897261   11.392885     2.037639   365.071577
   26   12.449318   24.898636   23.047034   11.337327     2.074846    77.974975
   27    8.299545    4.149773   23.047034   11.345501     2.074846    77.731963
   28   12.449318    4.149773   18.897261   11.387114     2.037639   357.821258
   29    8.117359   24.780334   27.347658   11.423215     2.031126    77.072358
   30   12.495985   24.883852   31.105837   11.254731     1.937161   120.208416
   31    8.226043    4.075495   31.368607   11.299068     2.052444    82.592213
   32   12.624448    4.362695   27.393372   11.429659     2.001008    76.546275
   33    8.299545    8.299545   18.897261   11.382636     2.037639   336.142404
   34   12.449318    8.299545   23.047034   11.349901     2.074846    77.873498
   35    8.299545   12.449318   23.047034   11.346830     2.074846    77.766679
   36   12.449318   12.449318   18.897261   11.381805     2.037639   346.669387
   37    8.073664    8.129893   27.332629   11.351561     1.977131    75.227065
   38   12.431316    8.144233   31.118347   11.254040     1.949210    98.593654
   39    8.139571   12.619847   31.370752   11.231377     2.043068    81.286355
   40   12.613812   12.657149   27.342814   11.248597     1.967425    74.564789
   41    8.299545   16.599090   18.897261   11.390112     2.037639   355.046643
   42   12.449318   16.599090   23.047034   11.389091     2.074846    78.794809
   43    8.299545   20.748863   23.047034   11.345538     2.074846    78.113840
   44   12.449318   20.748863   18.897261   11.388847     2.037639   361.648038
   45    8.212388   16.371931   27.318154   11.421084     1.988279    77.689235
   46   12.508095   16.641151   32.294995   11.067287     1.997157    82.765794
   47    8.217970   20.699021   31.087461   11.242922     1.919654   116.918401
   48   12.629840   20.892807   27.298597   11.397257     2.010713    77.136449
   49   16.599090   24.898636   18.897261   11.393544     2.037639   367.288065
   50   20.748863   24.898636   23.047034   11.340528     2.074846    77.940259
   51   16.599090    4.149773   23.047034   11.349223     2.074846    77.721281
   52   20.748863    4.149773   18.897261   11.388778     2.037639   360.003030
   53   16.400899   24.778103   27.383204   11.469033     2.000297    77.902873
   54   20.733344   24.842973   31.098731   11.273855     1.930304   123.594569
   55   16.584084    4.126603   31.386663   11.207037     2.051828    81.764369
   56   20.909052    4.391854   27.341862   11.429965     1.977681    76.666446
   57   16.599090    8.299545   18.897261   11.385216     2.037639   352.920951
   58   20.748863    8.299545   23.047034   11.337753     2.074846    77.545030
   59   16.599090   12.449318   23.047034   11.348783     2.074846    77.670542
   60   20.748863   12.449318   18.897261   11.390079     2.037639   359.898882
   61   16.337552    8.058526   27.207060   11.311342     1.962615    73.763649
   62   20.720103    8.251014   31.236007   11.248316     2.026726    83.852674
   63   16.684892   12.544785   31.318480   11.286685     2.010764    83.056875
   64   20.821817   12.603033   27.354645   11.406545     2.009540    76.794629
   65   16.599090   16.599090   18.897261   11.388488     2.037639   357.308528
   66   20.748863   16.599090   23.047034   11.342561     2.074846    77.934918
   67   16.599090   20.748863   23.047034   11.340479     2.074846    77.857475
   68   20.748863   20.748863   18.897261   11.392783     2.037639   377.756297
   69   16.383396   16.360239   27.284301   11.390078     1.999038    77.155142
   70   20.788614   16.580095   31.101733   11.295582     1.932941   122.315415
   71   16.620349   20.752059   31.083283   11.246940     1.914109   113.761908
   72   20.920871   20.932739   27.322517   11.485268     2.029915    77.780031
   73   24.898636    4.149773   18.897261    6.583778     1.898073   289.409226
   74    4.149773   24.898636   18.897261    6.585583     1.898073   290.723096
   75   24.898636   24.898636   23.047034    6.618897     1.935280    66.176851
   76    4.149773    4.149773   23.047034    6.620509     1.935280    66.310374
   77    0.187232    3.949532   27.189809    6.656566     1.742782    65.586678
   78    3.949941    0.207521   27.202217    6.662924     1.787683    65.680144
   79   24.889087   24.869802   31.627980    6.594499     1.908460   252.933313
   80    4.048201    4.000733   31.447401    6.564237     1.868137    88.104058
   81   24.898636   12.449318   18.897261    6.585310     1.898073   280.198784
   82    4.149773    8.299545   18.897261    6.586371     1.898073   273.076648
   83   24.898636    8.299545   23.047034    6.634250     1.936610    66.980661
   84    4.149773   12.449318   23.047034    6.639707     1.936632    67.092821
   85    0.140117   12.244754   27.231375    6.658412     1.799574    66.385147
   86    3.922338    8.515368   27.127717    6.651818     1.860458    65.952532
   87    0.003534    8.278297   31.602087    6.579138     1.916249   109.558593
   88    4.073897   12.409772   31.569980    6.565286     1.861313    94.689430
   89   24.898636   20.748863   18.897261    6.587708     1.898073   301.145930
   90    4.149773   16.599090   18.897261    6.581833     1.898073   274.772395
   91   24.898636   16.599090   23.047034    6.622354     1.935280    66.561398
   92    4.149773   20.748863   23.047034    6.619008     1.935280    66.395829
   93    0.185887   20.534340   27.212159    6.676237     1.819251    65.701508
   94    3.977065   16.779637   27.219070    6.668233     1.811476    66.363784
   95    0.015450   16.594827   31.677807    6.603260     1.921122   222.273677
   96    4.094268   20.733968   31.697116    6.605551     1.877099   257.438391
   97    8.299545    4.149773   18.897261    6.584753     1.898073   283.990848
   98   12.449318   24.898636   18.897261    6.582338     1.898073   291.046223
   99    8.299545   24.898636   23.047034    6.639588     1.936610    66.945945
  100   12.449318    4.149773   23.047034    6.635307     1.936632    67.229015
  101    8.497215    3.993211   27.171517    6.673480     1.873156    66.820433
  102   12.248112    0.207821   27.221723    6.667118     1.810408    65.835031
  103    8.317041   24.800994   31.626987    6.588581     1.852631   128.230500
  104   12.409412    4.066876   31.592665    6.560605     1.854784    95.680174
  105    8.299545   12.449318   18.897261    6.583100     1.898073   273.949891
  106   12.449318    8.299545   18.897261    6.581651     1.898073   285.478298
  107    8.299545    8.299545   23.047034    6.621197     1.935280    66.427875
  108   12.449318   12.449318   23.047034    6.625290     1.935280    66.580091
  109    8.482578   12.240462   27.180336    6.663071     1.866876    66.833786
  110   12.215233    8.493087   27.186626    6.662691     1.844419    65.503893
  111    8.321872    8.314607   31.386114    6.568959     1.856876    82.018063
  112   12.444398   12.524687   31.330023    6.565935     1.882657    86.258765
  113    8.299545   20.748863   18.897261    6.583366     1.898073   287.449103
  114   12.449318   16.599090   18.897261    6.576153     1.898073   281.021288
  115    8.299545   16.599090   23.047034    6.619019     1.935280    66.302363
  116   12.449318   20.748863   23.047034    6.619618     1.935280    66.192874
  117    8.483685   20.580682   27.205572    6.660473     1.814039    65.965884
  118   12.315810   16.737547   27.335261    6.658617     1.931868    72.201425
  119    8.374917   16.672042   31.502281    6.574020     1.865127    94.657385
  120   12.444862   20.697169   31.449381    6.595897     1.885425   108.177961
  121   16.599090    4.149773   18.897261    6.585689     1.898073   284.829375
  122   20.748863   24.898636   18.897261    6.582857     1.898073   294.186692
  123   16.599090   24.898636   23.047034    6.640388     1.936610    67.322481
  124   20.748863    4.149773   23.047034    6.633704     1.936617    66.815093
  125   16.781537    3.960457   27.198316    6.672904     1.849839    66.772365
  126   20.553098    0.210551   27.210489    6.673511     1.821347    65.931168
  127   16.611472   24.853246   31.699662    6.587126     1.891258   141.887270
  128   20.750862    4.091773   31.532733    6.555500     1.878580   103.258960
  129   16.599090   12.449318   18.897261    6.583528     1.898073   286.242052
  130   20.748863    8.299545   18.897261    6.586377     1.898073   286.904328
  131   16.599090    8.299545   23.047034    6.638826     1.935280    65.877758
  132   20.748863   12.449318   23.047034    6.649229     1.936617    67.196969
  133   16.717859   12.218514   27.184340    6.668981     1.859871    66.342420
  134   20.513932    8.500307   27.174734    6.649671     1.856512    65.843042
  135   16.556050    8.315185   31.170054    6.540644     1.861758    73.843763
  136   20.857593   12.431856   31.538309    6.550310     1.874492   102.730208
  137   16.599090   20.748863   18.897261    6.582777     1.898073   287.150011
  138   20.748863   16.599090   18.897261    6.584645     1.898073   292.368104
  139   16.599090   16.599090   23.047034    6.624874     1.935280    66.216908
  140   20.748863   20.748863   23.047034    6.619520     1.935280    66.361113
  141   16.784706   20.570731   27.202578    6.669047     1.828195    65.992589
  142   20.558400   16.802104   27.209453    6.667650     1.822170    65.589348
  143   16.580428   16.666765   31.474921    6.585793     1.867179    97.768479
  144   20.768903   20.717801   31.686176    6.613380     1.905576   286.031085
  145   19.171413    8.341687   36.043309    6.145953     1.849230   793.668230
  146   16.858614   11.576176   35.997583    6.410106     1.748913  1004.466910
  147   12.613341   16.754654   36.389710    6.596514     1.917157  1892.434683
  148    8.425827   12.450521   36.099208    6.369704     1.663613   368.620628
  149    5.459645   10.550800   37.731785    6.041106     1.708154  2550.979937
  150    4.719752    7.098447   36.008148    6.164809     1.815671   508.820163
  151    7.778110    4.557836   36.085495    6.449991     1.789186  1375.127775
  152   16.796264    5.153603   36.047555    6.451905     1.793973  1565.678971
 --------------------------------------------------------------------------------
    VACUUM CHARGE:               0.0000
    VACUUM VOLUME:               0.0000
    NUMBER OF ELECTRONS:      1344.0029
