    #         X           Y           Z       CHARGE      MIN DIST   ATOMIC VOL
 --------------------------------------------------------------------------------
    1   23.889444   23.889444   18.897261   10.313293     1.858306   272.458260
    2    3.981574   23.889444   22.878835   10.310554     1.852700    54.711657
    3   23.889444    3.981574   22.878835   10.320360     1.858902    54.872280
    4    3.981574    3.981574   18.897261   10.313814     1.858326   251.952036
    5    0.008010    0.001117   26.855603   10.345836     1.847756    55.152154
    6    3.996517    0.007980   30.665489   10.253795     1.789084    78.800264
    7    0.008364    3.989343   30.657966   10.243572     1.781518    78.612871
    8    4.032508    4.015165   26.859935   10.351185     1.853075    55.013434
    9   23.889444    7.963148   18.897261   10.312535     1.858306   252.229476
   10    3.981574    7.963148   22.878835   10.330713     1.858919    55.103480
   11   23.889444   11.944722   22.878835   10.318096     1.858902    54.828474
   12    3.981574   11.944722   18.897261   10.315747     1.858318   242.051808
   13    0.013251    7.964362   26.874069   10.344321     1.846072    55.181358
   14    4.024971    7.964578   30.825908   10.262857     1.811778    61.598984
   15    0.021197   11.936461   30.662847   10.254108     1.786507    80.995448
   16    4.013221   11.916658   26.865843   10.341246     1.831332    54.952592
   17   23.889444   15.926296   18.897261   10.311372     1.858306   260.134083
   18    3.981574   15.926296   22.878835   10.312237     1.852700    54.711657
   19   23.889444   19.907870   22.878835   10.312323     1.852700    54.648381
   20    3.981574   19.907870   18.897261   10.310863     1.858310   264.312719
   21   23.886667   15.926563   26.850987   10.334346     1.843124    54.993964
   22    3.967174   15.945160   30.641859   10.257231     1.765534    71.759616
   23   23.888630   19.912259   30.653577   10.255275     1.777098   124.444014
   24    3.981352   19.910726   26.848366   10.334117     1.840503    54.972061
   25    7.963148   23.889444   18.897261   10.312470     1.858306   261.823060
   26   11.944722   23.889444   22.878835   10.321616     1.858902    54.872280
   27    7.963148    3.981574   22.878835   10.316083     1.852700    54.680019
   28   11.944722    3.981574   18.897261   10.315542     1.858318   254.779977
   29    7.969614    0.057444   26.855334   10.342357     1.848373    55.018301
   30   11.956373    0.004240   30.662185   10.255436     1.785743    78.936551
   31    7.995768    3.974478   30.919093   10.245087     1.851502    58.359750
   32   11.958815    3.976323   26.851419   10.307825     1.843615    54.285762
   33    7.963148    7.963148   18.897261   10.315939     1.858322   241.531000
   34   11.944722    7.963148   22.878835   10.326370     1.858914    55.049939
   35    7.963148   11.944722   22.878835   10.315178     1.852700    54.687320
   36   11.944722   11.944722   18.897261   10.320041     1.858318   247.588440
   37    7.937517    7.950089   26.856186   10.305008     1.833232    54.018057
   38   11.950969    7.962169   30.685555   10.221366     1.809081    68.695607
   39    7.938256   11.960042   30.765150   10.282772     1.859273    59.189636
   40   11.971291   11.986600   26.863406   10.308136     1.832927    54.061863
   41    7.963148   15.926296   18.897261   10.314587     1.858314   248.274739
   42   11.944722   15.926296   22.878835   10.337261     1.858911    55.023169
   43    7.963148   19.907870   22.878835   10.309489     1.852700    54.680019
   44   11.944722   19.907870   18.897261   10.313309     1.858310   261.163531
   45    8.009827   15.905776   26.827260   10.339947     1.838302    54.366074
   46   11.960842   15.882228   30.977174   10.246891     1.867460    59.652036
   47    7.979596   19.919764   30.643947   10.244612     1.767579    76.945797
   48   11.953938   19.858491   26.856621   10.335395     1.849438    54.942857
   49   15.926296   23.889444   18.897261   10.311647     1.858306   261.616196
   50   19.907870   23.889444   22.878835   10.312252     1.852700    54.728693
   51   15.926296    3.981574   22.878835   10.335178     1.858911    54.986663
   52   19.907870    3.981574   18.897261   10.313753     1.858310   259.944255
   53   15.929362    0.046740   26.850298   10.338577     1.843028    55.037771
   54   19.913608    0.004616   30.657493   10.245491     1.781023    78.902479
   55   15.933780    3.984460   30.982912   10.219237     1.855502    58.454664
   56   19.873061    4.006754   26.839613   10.335430     1.833558    54.621611
   57   15.926296    7.963148   18.897261   10.317595     1.858314   258.333156
   58   19.907870    7.963148   22.878835   10.318573     1.852700    54.782234
   59   15.926296   11.944722   22.878835   10.336738     1.858911    55.079143
   60   19.907870   11.944722   18.897261   10.314986     1.858310   259.528095
   61   15.960232    7.954151   26.829231   10.314743     1.840830    53.781990
   62   19.922098    7.966072   30.811835   10.242160     1.843821    59.591194
   63   15.930234   11.914352   31.006154   10.228534     1.857755    58.814849
   64   19.867504   11.917056   26.854605   10.323397     1.831556    54.589973
   65   15.926296   15.926296   18.897261   10.313863     1.858314   261.511548
   66   19.907870   15.926296   22.878835   10.309309     1.852700    54.714091
   67   15.926296   19.907870   22.878835   10.318311     1.858907    54.833341
   68   19.907870   19.907870   18.897261   10.312013     1.858310   274.100997
   69   15.890384   15.881289   26.866280   10.342597     1.823789    55.130251
   70   19.908025   15.909846   30.659537   10.240539     1.783128    82.479995
   71   15.927600   19.906440   30.657562   10.242019     1.781078    85.994235
   72   19.906692   19.902817   26.853339   10.342673     1.845481    55.132684
   73   23.889444    3.981574   18.897261    6.694638     1.965654   335.488250
   74    3.981574   23.889444   18.897261    6.690729     1.965654   338.272385
   75   23.889444   23.889444   22.878835    6.680482     1.877755    71.513814
   76    3.981574    3.981574   22.878835    6.682922     1.877755    71.637931
   77    0.008717    3.984287   26.903509    6.670794     1.834834    70.571978
   78    3.988399    0.012288   26.893903    6.702922     1.844471    70.859152
   79    0.007799    0.004806   30.958114    6.644014     1.943486   241.973930
   80    3.964259    3.963798   30.859698    6.617194     1.973695   103.375609
   81   23.889444   11.944722   18.897261    6.691501     1.965654   326.215913
   82    3.981574    7.963148   18.897261    6.687462     1.965654   316.369226
   83   23.889444    7.963148   22.878835    6.677574     1.877755    71.669569
   84    3.981574   11.944722   22.878835    6.681697     1.877755    71.708508
   85   23.889255   11.943217   26.902237    6.677565     1.836084    70.669325
   86    3.982121    7.965860   26.913389    6.706705     1.861009    71.195001
   87    0.012784    7.961603   30.970202    6.613096     1.943252   121.416510
   88    3.973491   11.964814   30.914216    6.619260     1.866577   108.067752
   89   23.889444   19.907870   18.897261    6.687582     1.965654   346.741606
   90    3.981574   15.926296   18.897261    6.689433     1.965654   323.358767
   91   23.889444   15.926296   22.878835    6.681098     1.877755    71.460272
   92    3.981574   19.907870   22.878835    6.682827     1.877755    71.494344
   93   23.889344   19.909007   26.885854    6.719767     1.852466    70.958934
   94    3.992368   15.922709   26.881129    6.696675     1.857226    70.905392
   95   23.889433   15.926373   30.955285    6.659322     1.905112   225.218014
   96    3.987897   19.911582   30.956191    6.651192     1.883279   211.406855
   97    7.963148    3.981574   18.897261    6.690332     1.965654   325.841125
   98   11.944722   23.889444   18.897261    6.687754     1.965654   338.737219
   99    7.963148   23.889444   22.878835    6.684762     1.877755    71.674437
  100   11.944722    3.981574   22.878835    6.682668     1.877755    71.562487
  101    7.983536    3.993934   26.894093    6.673833     1.871159    71.180399
  102   11.949992   23.877644   26.901759    6.687490     1.836606    70.720432
  103    7.977095   23.869813   30.929216    6.635050     1.889625   129.033942
  104   11.969684    3.973767   30.847935    6.592921     1.883422    96.573461
  105    7.963148   11.944722   18.897261    6.690278     1.965654   314.444182
  106   11.944722    7.963148   18.897261    6.687922     1.965654   319.428367
  107    7.963148    7.963148   22.878835    6.682631     1.877755    71.637931
  108   11.944722   11.944722   22.878835    6.682071     1.877755    71.713376
  109    7.977903   11.937645   26.878201    6.671033     1.860191    70.613350
  110   11.945796    7.971625   26.909616    6.643248     1.828724    70.391885
  111    8.011314    7.996192   30.797531    6.566032     1.906573    86.809519
  112   11.939180   11.902183   30.785393    6.556727     1.900771    86.383625
  113    7.963148   19.907870   18.897261    6.693993     1.965654   335.712149
  114   11.944722   15.926296   18.897261    6.687029     1.965654   327.542271
  115    7.963148   15.926296   22.878835    6.671297     1.852700    71.243675
  116   11.944722   19.907870   22.878835    6.683955     1.877755    71.672003
  117    7.967302   19.921000   26.885759    6.691019     1.852612    70.839683
  118   11.952174   15.921640   26.924743    6.652973     1.853523    70.907826
  119    7.933728   15.992773   30.728567    6.556832     1.853499    86.838724
  120   11.953202   19.923810   30.926443    6.626939     1.883803   135.402894
  121   15.926296    3.981574   18.897261    6.689425     1.965654   330.075736
  122   19.907870   23.889444   18.897261    6.687330     1.965654   338.819964
  123   15.926296   23.889444   22.878835    6.682648     1.877755    71.518681
  124   19.907870    3.981574   22.878835    6.671666     1.852700    71.292348
  125   15.926875    3.985675   26.906749    6.661092     1.857813    71.443237
  126   19.911883    0.006146   26.889492    6.701848     1.848843    70.815346
  127   15.936846   23.874029   30.935405    6.636914     1.911224   136.950717
  128   19.964586    3.962195   30.820727    6.582725     1.914926   102.974051
  129   15.926296   11.944722   18.897261    6.687143     1.965654   329.691214
  130   19.907870    7.963148   18.897261    6.688075     1.965654   329.209344
  131   15.926296    7.963148   22.878835    6.670917     1.852700    71.287481
  132   19.907870   11.944722   22.878835    6.683696     1.877755    71.628197
  133   15.926309   11.933124   26.923731    6.654113     1.858165    71.584390
  134   19.922830    7.962380   26.890990    6.686358     1.847391    70.895658
  135   15.906105    7.944898   30.654380    6.539849     1.778103    77.821923
  136   19.946620   11.957172   30.860069    6.599347     1.897517   108.328156
  137   15.926296   19.907870   18.897261    6.693394     1.965654   340.328848
  138   19.907870   15.926296   18.897261    6.690986     1.965654   339.917555
  139   15.926296   15.926296   22.878835    6.679546     1.877755    71.603860
  140   19.907870   19.907870   22.878835    6.683940     1.877755    71.608727
  141   15.928324   19.905008   26.901933    6.683726     1.836390    70.915127
  142   19.897714   15.914650   26.893208    6.697303     1.845176    70.912694
  143   15.945524   15.920734   30.936413    6.609608     1.877360   116.760872
  144   19.907963   19.906244   30.955768    6.656148     1.941119   265.695051
  145   18.522376    7.926971   35.555492    6.159630     1.822134   814.875386
  146   16.015158   11.003103   35.569664    6.432477     1.744997  1053.641720
  147   11.418500   15.217084   35.638693    6.423881     1.764931  1225.068010
  148    7.872730   13.507288   35.373522    6.180708     1.842650   371.993515
  149    6.756919   10.355060   37.729811    6.059777     1.748477  2726.699905
  150    5.327447    7.221435   35.840461    6.111259     1.771162   528.150869
  151    7.887437    4.330678   35.580504    6.423435     1.705297  1205.581499
  152   16.320793    4.655600   35.561722    6.464814     1.773728  1571.142787
 --------------------------------------------------------------------------------
    VACUUM CHARGE:               0.0000
    VACUUM VOLUME:               0.0000
    NUMBER OF ELECTRONS:      1272.0011
