    #         X           Y           Z       CHARGE      MIN DIST   ATOMIC VOL
 --------------------------------------------------------------------------------
    1   23.167240   23.167240   18.897261   11.522854     1.814201   293.557856
    2    3.861207   23.167240   22.758468   11.503806     1.799222    53.104097
    3   23.167240    3.861207   22.758468   11.504108     1.799222    53.112513
    4    3.861207    3.861207   18.897261   11.523694     1.814201   276.749460
    5   23.070752   23.049086   26.765937   11.574179     1.762841    53.940029
    6    3.805638    0.061713   30.245441   11.468750     1.717754    93.377486
    7    0.064229    3.808721   30.244945   11.465502     1.717254    93.643974
    8    3.991249    4.009422   26.769325   11.588646     1.778408    54.167245
    9   23.167240    7.722413   18.897261   11.523904     1.814201   281.672480
   10    3.861207    7.722413   22.758468   11.480331     1.793530    52.834804
   11   23.167240   11.583620   22.758468   11.502009     1.799220    53.143369
   12    3.861207   11.583620   18.897261   11.522647     1.814201   268.667853
   13   23.069576    7.601599   26.745306   11.583557     1.761524    54.113948
   14    3.591614    7.742173   30.230607   11.493831     1.701105    84.182239
   15   23.155677   11.637112   30.251935   11.443280     1.723108    92.608878
   16    4.077128   11.668921   26.828541   11.520593     1.776074    52.882491
   17   23.167240   15.444826   18.897261   11.522497     1.814201   283.891345
   18    3.861207   15.444826   22.758468   11.501895     1.838580    53.235939
   19   23.167240   19.306033   22.758468   11.503403     1.804897    53.098487
   20    3.861207   19.306033   18.897261   11.522540     1.814201   283.655714
   21   23.048469   15.314242   26.739360   11.585004     1.794167    54.206517
   22    3.919699   15.396613   30.262351   11.478559     1.734313    83.778299
   23   23.108987   19.340067   30.252854   11.450975     1.724479    97.478600
   24    3.972493   19.434497   26.733335   11.576878     1.768826    54.158830
   25    7.722413   23.167240   18.897261   11.523873     1.814201   281.560274
   26   11.583620   23.167240   22.758468   11.503351     1.799227    53.171421
   27    7.722413    3.861207   22.758468   11.481260     1.793530    52.851635
   28   11.583620    3.861207   18.897261   11.522797     1.814201   267.399930
   29    7.617079   23.055745   26.744448   11.599348     1.762475    54.400072
   30   11.639450   23.155285   30.253718   11.443725     1.724967    92.465816
   31    7.735992    3.583654   30.233168   11.490375     1.703547    84.328106
   32   11.648525    4.086713   26.830802   11.515588     1.778587    52.831999
   33    7.722413    7.722413   18.897261   11.523087     1.814201   263.646653
   34   11.583620    7.722413   22.758468   11.506674     1.838574    53.325703
   35    7.722413   11.583620   22.758468   11.505237     1.838574    53.283626
   36   11.583620   11.583620   18.897261   11.522633     1.814201   265.343763
   37    7.672798    7.641724   26.882522   11.421791     1.766829    51.530414
   38   11.728853    7.622687   30.484497   11.467478     1.759699    58.178595
   39    7.628734   11.733697   30.484629   11.466560     1.765760    58.198231
   40   11.699529   11.724126   26.857033   11.499589     1.783395    52.565510
   41    7.722413   15.444826   18.897261   11.523392     1.814201   267.329801
   42   11.583620   15.444826   22.758468   11.484387     1.793530    52.871271
   43    7.722413   19.306033   22.758468   11.500344     1.804895    53.109708
   44   11.583620   19.306033   18.897261   11.523352     1.814201   280.844964
   45    7.643930   15.250208   26.827804   11.527722     1.782229    52.882491
   46   11.535459   15.726580   30.223319   11.479742     1.694314    82.572088
   47    7.665436   19.338715   30.252307   11.435069     1.723863    91.430719
   48   11.711066   19.448127   26.736891   11.609494     1.803330    54.436539
   49   15.444826   23.167240   18.897261   11.522459     1.814201   284.104536
   50   19.306033   23.167240   22.758468   11.503411     1.804897    53.106902
   51   15.444826    3.861207   22.758468   11.502263     1.849666    53.249965
   52   19.306033    3.861207   18.897261   11.522366     1.814201   281.877255
   53   15.330148   23.041253   26.739330   11.579986     1.765030    54.144804
   54   19.335456   23.112181   30.251888   11.450563     1.723324    97.526288
   55   15.401961    3.921578   30.262190   11.476449     1.734076    83.607185
   56   19.422466    3.991053   26.731744   11.578727     1.782930    54.209322
   57   15.444826    7.722413   18.897261   11.523366     1.814201   267.688859
   58   19.306033    7.722413   22.758468   11.501070     1.804895    53.118123
   59   15.444826   11.583620   22.758468   11.483439     1.793530    52.857245
   60   19.306033   11.583620   18.897261   11.523510     1.814201   280.659825
   61   15.257909    7.635579   26.826911   11.522757     1.773707    52.775896
   62   19.336730    7.675218   30.252177   11.432858     1.723401    91.394252
   63   15.719896   11.539608   30.223038   11.479810     1.693950    82.294380
   64   19.433940   11.722483   26.736466   11.607748     1.841052    54.366410
   65   15.444826   15.444826   18.897261   11.523503     1.814201   275.627404
   66   19.306033   15.444826   22.758468   11.504538     1.799219    53.132149
   67   15.444826   19.306033   22.758468   11.504468     1.799219    53.129344
   68   19.306033   19.306033   18.897261   11.523555     1.814201   291.479248
   69   15.296502   15.291002   26.757252   11.590612     1.813352    54.139194
   70   19.287198   15.542896   30.244341   11.459461     1.715339    91.873931
   71   15.552664   19.284532   30.245577   11.459492     1.716377    91.803803
   72   19.416197   19.431323   26.775892   11.598260     1.761349    54.156025
   73   23.167240    3.861207   18.897261    6.483439     1.814201   307.308651
   74    3.861207   23.167240   18.897261    6.483490     1.814201   306.514796
   75   23.167240   23.167240   22.758468    6.454679     1.859077    62.818296
   76    3.861207    3.861207   22.758468    6.455125     1.859124    62.891229
   77    0.090722    3.764827   26.653215    6.512524     1.740729    61.168874
   78    3.779153    0.102218   26.653352    6.516710     1.740727    61.196925
   79    0.001878    0.005150   30.786542    6.498724     1.855000   425.960444
   80    3.902940    3.904111   30.812525    6.543442     1.817347   173.845720
   81   23.167240   11.583620   18.897261    6.482918     1.814201   301.981690
   82    3.861207    7.722413   18.897261    6.481986     1.814201   293.139891
   83   23.167240    7.722413   22.758468    6.457949     1.859077    62.750972
   84    3.861207   11.583620   22.758468    6.465465     1.859105    63.480309
   85    0.110148   11.495201   26.657080    6.493256     1.736622    61.393285
   86    3.800065    7.817279   26.648822    6.583966     1.745449    62.534977
   87   23.087847    7.698092   30.793483    6.495757     1.781119   242.989605
   88    3.814972   11.560152   30.780014    6.513084     1.813868   120.828582
   89   23.167240   19.306033   18.897261    6.483396     1.814201   315.808223
   90    3.861207   15.444826   18.897261    6.482869     1.814201   293.653231
   91   23.167240   15.444826   22.758468    6.461671     1.859077    62.832321
   92    3.861207   19.306033   22.758468    6.463612     1.859086    62.837932
   93    0.079905   19.212861   26.658268    6.514029     1.736128    61.454998
   94    3.806364   15.506359   26.669591    6.548440     1.724912    62.675233
   95    0.016402   15.472787   30.712798    6.469427     1.831290   288.382374
   96    3.826569   19.317386   30.695444    6.456821     1.824720   281.504172
   97    7.722413    3.861207   18.897261    6.481968     1.814201   293.193188
   98   11.583620   23.167240   18.897261    6.482883     1.814201   303.249614
   99    7.722413   23.167240   22.758468    6.457639     1.859077    62.736947
  100   11.583620    3.861207   22.758468    6.465712     1.859105    63.494334
  101    7.802738    3.781617   26.650075    6.579770     1.744739    62.248852
  102   11.508047    0.120415   26.658470    6.502732     1.735521    61.561593
  103    7.696163   23.084507   30.798805    6.495910     1.769450   243.536607
  104   11.558184    3.813223   30.784309    6.510930     1.812284   120.898710
  105    7.722413   11.583620   18.897261    6.482025     1.814201   284.601046
  106   11.583620    7.722413   18.897261    6.481863     1.814201   284.460789
  107    7.722413    7.722413   22.758468    6.464317     1.859114    63.701915
  108   11.583620   11.583620   22.758468    6.471790     1.859105    63.727161
  109    7.845271   11.488425   26.675173    6.545106     1.812624    62.327396
  110   11.502665    7.858346   26.677482    6.539531     1.798381    62.058103
  111    7.652726    7.649400   30.580438    6.570062     1.779162    82.771253
  112   11.686194   11.692071   30.565691    6.517660     1.762475    79.865129
  113    7.722413   19.306033   18.897261    6.483220     1.814201   300.781091
  114   11.583620   15.444826   18.897261    6.481438     1.814201   292.205779
  115    7.722413   15.444826   22.758468    6.469322     1.859095    63.553242
  116   11.583620   19.306033   22.758468    6.458400     1.859086    62.683649
  117    7.802508   19.215129   26.658788    6.493622     1.735669    61.485854
  118   11.489539   15.564521   26.645341    6.558871     1.748033    61.679409
  119    7.742601   15.538646   30.798956    6.492441     1.785458   120.483550
  120   11.636610   19.394363   30.772307    6.485976     1.766061   233.238940
  121   15.444826    3.861207   18.897261    6.483153     1.814201   295.196058
  122   19.306033   23.167240   18.897261    6.483318     1.814201   315.522099
  123   15.444826   23.167240   22.758468    6.461959     1.859077    62.843542
  124   19.306033    3.861207   22.758468    6.463671     1.859086    62.826711
  125   15.493775    3.801857   26.669916    6.555067     1.724334    62.877204
  126   19.229414    0.094257   26.657998    6.531838     1.736489    61.794420
  127   15.474603    0.015643   30.714667    6.470485     1.829457   288.926571
  128   19.319122    3.831351   30.692831    6.458661     1.829556   280.965585
  129   15.444826   11.583620   18.897261    6.481652     1.814201   291.195929
  130   19.306033    7.722413   18.897261    6.483178     1.814201   301.468350
  131   15.444826    7.722413   22.758468    6.468372     1.859095    63.527996
  132   19.306033   11.583620   22.758468    6.459134     1.859086    62.706090
  133   15.547398   11.484821   26.645243    6.560747     1.748318    61.816861
  134   19.223119    7.816524   26.658765    6.509718     1.735498    61.763563
  135   15.534087    7.744657   30.796076    6.496760     1.789816   120.267554
  136   19.392233   11.635730   30.775078    6.487929     1.764970   234.680782
  137   15.444826   19.306033   18.897261    6.483498     1.814201   308.060428
  138   19.306033   15.444826   18.897261    6.483617     1.814201   306.439057
  139   15.444826   15.444826   22.758468    6.458191     1.859095    62.860373
  140   19.306033   19.306033   22.758468    6.453479     1.859086    62.874398
  141   15.543327   19.204069   26.654358    6.508890     1.739230    61.112771
  142   19.209002   15.552952   26.653760    6.509803     1.739731    61.194120
  143   15.415114   15.417126   30.773217    6.533762     1.830218   169.020880
  144   19.316240   19.313521   30.832236    6.513743     1.802728   449.007471
  145   11.174197    8.266107   35.294670    6.632034     1.854620  2249.057120
  146    8.263776   11.158238   35.293321    6.718876     1.947766  2252.465364
  147   12.302343   12.321066   34.231182    2.133888     1.248988   957.904672
  148    7.124758    7.110542   34.253295    2.134663     1.222824   975.492897
 --------------------------------------------------------------------------------
    VACUUM CHARGE:               0.0000
    VACUUM VOLUME:               0.0000
    NUMBER OF ELECTRONS:      1314.0110
