    #         X           Y           Z       CHARGE      MIN DIST   ATOMIC VOL
 --------------------------------------------------------------------------------
    1   25.377692   25.377692   18.897261    9.229349     1.974080   298.685166
    2    4.229615   25.377692   23.126877    9.242405     1.973819    61.195421
    3   25.377692    4.229615   23.126877    9.242340     1.973819    61.192634
    4    4.229615    4.229615   18.897261    9.232187     1.974107   274.222608
    5    0.002073    0.001588   27.348475    9.236945     1.960015    60.356402
    6    4.226695   25.372589   31.478102    9.233518     1.969860   189.303299
    7   25.373705    4.225233   31.478008    9.233366     1.970552   189.506782
    8    4.226516    4.226081   27.336924    9.242987     1.970309    60.573822
    9   25.377692    8.459231   18.897261    9.229387     1.974080   277.263703
   10    4.229615    8.459231   23.126877    9.237477     1.973840    61.103436
   11   25.377692   12.688846   23.126877    9.242245     1.973819    61.214933
   12    4.229615   12.688846   18.897261    9.229399     1.974096   258.370446
   13   25.368293    8.464542   27.337145    9.245887     1.964475    60.440025
   14    4.163139    8.455040   31.413401    9.276609     1.965810    85.323487
   15    0.006052   12.703484   31.477308    9.231644     1.960263   145.010904
   16    4.259216   12.698033   27.368618    9.240437     1.940118    60.442813
   17   25.377692   16.918462   18.897261    9.229221     1.974080   281.202353
   18    4.229615   16.918462   23.126877    9.240972     1.973829    61.209358
   19   25.377692   21.148077   23.126877    9.242530     1.973819    61.223295
   20    4.229615   21.148077   18.897261    9.229391     1.974085   280.583542
   21    0.008737   16.922064   27.348728    9.234539     1.959783    60.289504
   22    4.220389   16.941311   31.490974    9.235785     1.948182   101.175649
   23    0.003616   21.156620   31.476534    9.232444     1.966312   264.834515
   24    4.235206   21.148872   27.348442    9.235100     1.960054    60.306228
   25    8.459231   25.377692   18.897261    9.229412     1.974080   277.327814
   26   12.688846   25.377692   23.126877    9.242279     1.973819    61.214933
   27    8.459231    4.229615   23.126877    9.237650     1.973840    61.106223
   28   12.688846    4.229615   18.897261    9.229326     1.974096   258.554417
   29    8.464832   25.366874   27.336528    9.246171     1.963059    60.451175
   30   12.703571    0.005139   31.476800    9.231906     1.960156   145.593479
   31    8.455031    4.162403   31.411342    9.276915     1.963777    85.253801
   32   12.697358    4.258894   27.367460    9.240465     1.941268    60.434450
   33    8.459231    8.459231   18.897261    9.228843     1.974101   254.166989
   34   12.688846    8.459231   23.126877    9.247400     1.973835    61.373817
   35    8.459231   12.688846   23.126877    9.247212     1.973835    61.368242
   36   12.688846   12.688846   18.897261    9.228902     1.974096   253.743298
   37    8.494151    8.495751   27.413162    9.247740     1.940420    61.256745
   38   12.754510    8.407728   31.754778    9.225965     1.963560    68.501297
   39    8.405224   12.757071   31.758995    9.228056     1.962121    68.590495
   40   12.656883   12.658499   27.409655    9.239430     1.943176    61.083923
   41    8.459231   16.918462   18.897261    9.229313     1.974090   258.233861
   42   12.688846   16.918462   23.126877    9.238358     1.973829    61.125735
   43    8.459231   21.148077   23.126877    9.242771     1.973824    61.242807
   44   12.688846   21.148077   18.897261    9.229383     1.974085   277.277640
   45    8.456012   16.896358   27.366048    9.236654     1.942568    60.322953
   46   12.702955   16.995265   31.404082    9.278001     1.956465    84.961120
   47    8.458932   21.155008   31.476246    9.234226     1.967910   144.272233
   48   12.691683   21.166843   27.335652    9.244914     1.955051    60.334103
   49   16.918462   25.377692   18.897261    9.229271     1.974080   281.559145
   50   21.148077   25.377692   23.126877    9.242308     1.973819    61.217720
   51   16.918462    4.229615   23.126877    9.242369     1.973829    61.287406
   52   21.148077    4.229615   18.897261    9.229337     1.974085   280.814899
   53   16.922590    0.007805   27.349258    9.234999     1.959250    60.331315
   54   21.156858    0.002794   31.478113    9.231878     1.966125   264.848452
   55   16.940668    4.221153   31.489267    9.235383     1.946301   100.977741
   56   21.149386    4.234396   27.348703    9.234738     1.959791    60.300653
   57   16.918462    8.459231   18.897261    9.229281     1.974090   258.707726
   58   21.148077    8.459231   23.126877    9.243075     1.973824    61.259532
   59   16.918462   12.688846   23.126877    9.238469     1.973829    61.131310
   60   21.148077   12.688846   18.897261    9.229426     1.974085   277.258128
   61   16.896349    8.456636   27.365060    9.236763     1.943555    60.320165
   62   21.155905    8.458936   31.475251    9.232704     1.966981   144.486866
   63   16.995063   12.702945   31.403621    9.277862     1.956011    84.910946
   64   21.167936   12.691531   27.335259    9.244785     1.953959    60.336890
   65   16.918462   16.918462   18.897261    9.232335     1.974090   274.275569
   66   21.148077   16.918462   23.126877    9.241735     1.973824    61.159184
   67   16.918462   21.148077   23.126877    9.241652     1.973824    61.153609
   68   21.148077   21.148077   18.897261    9.230992     1.974085   300.120697
   69   16.928256   16.928035   27.333767    9.244367     1.964059    60.596122
   70   21.162812   16.932219   31.476770    9.231102     1.960176   187.842681
   71   16.933252   21.161580   31.477181    9.230831     1.960138   187.934667
   72   21.153673   21.153125   27.348974    9.236813     1.959529    60.370339
   73   25.377692    4.229615   18.897261    6.772595     1.997307   440.008289
   74    4.229615   25.377692   18.897261    6.772610     1.997307   440.150449
   75   25.377692   25.377692   23.126877    6.756885     2.092077    90.023108
   76    4.229615    4.229615   23.126877    6.752158     1.974651    89.939485
   77    0.004516    4.229638   27.365714    6.743102     1.942779    88.345070
   78    4.230986    0.003710   27.365688    6.741141     1.942804    88.225210
   79    0.003791    0.003365   31.503483    6.779712     2.054769   434.634108
   80    4.224727    4.224887   31.515446    6.788557     2.066737   251.376763
   81   25.377692   12.688846   18.897261    6.772717     1.997307   426.260644
   82    4.229615    8.459231   18.897261    6.774206     1.997307   413.268394
   83   25.377692    8.459231   23.126877    6.752133     1.974651    89.908823
   84    4.229615   12.688846   23.126877    6.760592     2.092077    90.524847
   85    0.003837   12.696569   27.364566    6.744776     1.943941    88.579215
   86    4.226199    8.462008   27.371328    6.732012     1.937165    88.161099
   87   25.371985    8.462401   31.493685    6.764540     1.980360   301.664938
   88    4.213171   12.707766   31.508905    6.757566     1.990818   176.634392
   89   25.377692   21.148077   18.897261    6.771579     1.997307   447.484199
   90    4.229615   16.918462   18.897261    6.773831     1.997307   416.407049
   91   25.377692   16.918462   23.126877    6.760302     2.092077    90.248891
   92    4.229615   21.148077   23.126877    6.759140     2.092077    90.176417
   93    0.005225   21.152555   27.365026    6.743133     1.943474    88.370157
   94    4.235115   16.921402   27.373336    6.751091     1.935162    88.629389
   95    0.002057   16.931085   31.502904    6.786318     2.054224   338.751805
   96    4.230209   21.157899   31.503933    6.775066     1.984254   336.711400
   97    8.459231    4.229615   18.897261    6.774268     1.997307   413.168046
   98   12.688846   25.377692   18.897261    6.772764     1.997307   426.129634
   99    8.459231   25.377692   23.126877    6.751866     1.974651    89.889311
  100   12.688846    4.229615   23.126877    6.759615     2.092077    90.455161
  101    8.461394    4.225651   27.370294    6.732175     1.938199    88.172249
  102   12.696903    0.002450   27.364253    6.745009     1.944253    88.595940
  103    8.461723   25.371356   31.494436    6.763406     1.980966   301.606402
  104   12.705958    4.213688   31.505401    6.757122     1.990364   176.458783
  105    8.459231   12.688846   18.897261    6.776713     1.997307   404.998064
  106   12.688846    8.459231   18.897261    6.775431     1.997307   404.677509
  107    8.459231    8.459231   23.126877    6.760667     2.092077    91.048885
  108   12.688846   12.688846   23.126877    6.758581     2.092077    90.867702
  109    8.478175   12.676423   27.401093    6.740638     1.962298    90.349238
  110   12.674952    8.479538   27.399394    6.750901     1.988537    90.625195
  111    8.379660    8.380617   31.607043    6.847778     2.019989   125.016609
  112   12.779458   12.782252   31.600673    6.847573     2.012913   123.673064
  113    8.459231   21.148077   18.897261    6.775689     1.997307   426.940779
  114   12.688846   16.918462   18.897261    6.774309     1.997307   413.614036
  115    8.459231   16.918462   23.126877    6.759622     2.092077    90.441224
  116   12.688846   21.148077   23.126877    6.751521     1.974651    89.892099
  117    8.461142   21.154043   27.363868    6.742917     1.944630    88.495592
  118   12.692608   16.928607   27.366515    6.734143     1.942003    88.247510
  119    8.450825   16.946789   31.505036    6.755033     2.002740   176.079692
  120   12.697678   21.165382   31.490942    6.763217     1.992112   298.715828
  121   16.918462    4.229615   18.897261    6.773917     1.997307   416.468373
  122   21.148077   25.377692   18.897261    6.771469     1.997307   447.428450
  123   16.918462   25.377692   23.126877    6.760401     2.092077    90.262828
  124   21.148077    4.229615   23.126877    6.759245     2.092077    90.190354
  125   16.921765    4.234710   27.372578    6.750203     1.935920    88.626602
  126   21.153034    0.004337   27.366370    6.744521     1.942129    88.431481
  127   16.930436    0.001947   31.503970    6.786193     2.055286   339.063998
  128   21.157710    4.230435   31.504022    6.775406     1.984063   337.020806
  129   16.918462   12.688846   18.897261    6.774263     1.997307   412.532510
  130   21.148077    8.459231   18.897261    6.775648     1.997307   426.809769
  131   16.918462    8.459231   23.126877    6.759891     2.092077    90.444011
  132   21.148077   12.688846   23.126877    6.751465     1.974651    89.883736
  133   16.928515   12.692993   27.366054    6.734242     1.942465    88.267022
  134   21.155234    8.461107   27.363524    6.743230     1.944978    88.529041
  135   16.946149    8.452352   31.501751    6.754623     2.002175   175.943107
  136   21.165877   12.698747   31.491561    6.763215     1.992593   298.885862
  137   16.918462   21.148077   18.897261    6.772759     1.997307   439.216657
  138   21.148077   16.918462   18.897261    6.772752     1.997307   439.361604
  139   16.918462   16.918462   23.126877    6.752314     1.974651    89.953422
  140   21.148077   21.148077   23.126877    6.757899     2.092077    90.087219
  141   16.926947   21.151134   27.365670    6.742775     1.942839    88.350645
  142   21.151887   16.925718   27.365449    6.742261     1.943056    88.322771
  143   16.931251   16.931952   31.513035    6.790804     2.064399   250.415097
  144   21.155691   21.155408   31.502721    6.782918     2.054028   432.250849
  145   12.051225    9.152424   37.008310    6.835073     1.951046  2925.405373
  146    9.147538   12.048767   37.014428    6.751722     1.852420  2963.233698
  147   12.926234   12.933737   35.282857    2.147737     1.234000   609.749346
  148    8.272527    8.269287   35.284414    2.147177     1.228819   608.879665
 --------------------------------------------------------------------------------
    VACUUM CHARGE:               0.0000
    VACUUM VOLUME:               0.0000
    NUMBER OF ELECTRONS:      1170.0008
