    #         X           Y           Z       CHARGE      MIN DIST   ATOMIC VOL
 --------------------------------------------------------------------------------
    1   25.377692   25.377692   18.897261    9.230110     1.974080   278.300630
    2    4.229615   25.377692   23.126877    9.244044     1.973819    61.304131
    3   25.377692    4.229615   23.126877    9.244161     1.973819    61.292981
    4    4.229615    4.229615   18.897261    9.231027     1.974107   248.628349
    5    0.003477   25.374878   27.367691    9.231034     1.940802    60.336890
    6    4.230803   25.373565   31.505684    9.222268     1.916737   127.307883
    7    0.003088    4.229130   31.504009    9.221526     1.915060   124.166440
    8    4.231636    4.227021   27.363346    9.230914     1.945145    60.322953
    9   25.377692    8.459231   18.897261    9.231324     1.974080   251.206729
   10    4.229615    8.459231   23.126877    9.239747     1.973840    61.198208
   11   25.377692   12.688846   23.126877    9.239277     1.973819    61.200996
   12    4.229615   12.688846   18.897261    9.229329     1.974096   233.461897
   13    0.003605    8.457643   27.361127    9.232132     1.947365    60.345252
   14    4.237812    8.457045   31.493767    9.224662     1.944623    80.963934
   15    0.006620   12.683027   31.495234    9.219353     1.906302   102.449508
   16    4.243873   12.688068   27.362996    9.230960     1.945544    60.286716
   17   25.377692   16.918462   18.897261    9.229650     1.974080   256.918190
   18    4.229615   16.918462   23.126877    9.245748     1.973829    61.384967
   19   25.377692   21.148077   23.126877    9.244204     1.973819    61.304131
   20    4.229615   21.148077   18.897261    9.231325     1.974085   260.996213
   21    0.003622   16.914156   27.363105    9.231154     1.945391    60.339677
   22    4.230229   16.912229   31.504146    9.218557     1.915204    88.966669
   23    0.004122   21.142766   31.502799    9.223091     1.913859   200.929704
   24    4.234357   21.143319   27.368244    9.232324     1.940256    60.451175
   25    8.459231   25.377692   18.897261    9.232799     1.974080   249.238798
   26   12.688846   25.377692   23.126877    9.238706     1.973819    61.187059
   27    8.459231    4.229615   23.126877    9.239104     1.973840    61.189846
   28   12.688846    4.229615   18.897261    9.229444     1.974096   236.647939
   29    8.461018   25.377181   27.364398    9.232681     1.944091    60.409363
   30   12.690217   25.368136   31.496299    9.218567     1.907371    91.650972
   31    8.456590    4.225915   31.497649    9.216056     1.908702    78.207157
   32   12.692281    4.238864   27.361926    9.231642     1.946587    60.320165
   33    8.459231    8.459231   18.897261    9.230771     1.974101   231.558077
   34   12.688846    8.459231   23.126877    9.242151     1.973835    61.136885
   35    8.459231   12.688846   23.126877    9.243520     1.973835    61.237233
   36   12.688846   12.688846   18.897261    9.228775     1.974096   235.335055
   37    8.463944    8.462510   27.352127    9.235391     1.956369    60.211455
   38   12.657440    8.486803   31.507559    9.226211     1.943137    66.544515
   39    8.476102   12.668922   31.528483    9.217561     1.939707    67.207925
   40   12.687284   12.692185   27.358752    9.242323     1.949739    60.261629
   41    8.459231   16.918462   18.897261    9.229422     1.974090   237.381035
   42   12.688846   16.918462   23.126877    9.240495     1.973829    61.209358
   43    8.459231   21.148077   23.126877    9.244201     1.973824    61.309706
   44   12.688846   21.148077   18.897261    9.229473     1.974085   254.342597
   45    8.469916   16.906010   27.365774    9.231788     1.942783    60.387064
   46   12.695355   16.930058   31.538895    9.213938     1.949989    70.170972
   47    8.462105   21.151886   31.501010    9.221261     1.912064    98.354761
   48   12.689783   21.138902   27.363218    9.232347     1.945292    60.364764
   49   16.918462   25.377692   18.897261    9.231053     1.974080   254.512631
   50   21.148077   25.377692   23.126877    9.238941     1.973819    61.195421
   51   16.918462    4.229615   23.126877    9.238375     1.973829    61.170334
   52   21.148077    4.229615   18.897261    9.231063     1.974085   255.739104
   53   16.921225   25.377050   27.361383    9.232866     1.947107    60.409363
   54   21.157446   25.372704   31.498083    9.220366     1.909161   172.503408
   55   16.930717    4.215009   31.512234    9.217253     1.923377    76.807863
   56   21.150304    4.230129   27.364288    9.231886     1.944201    60.395426
   57   16.918462    8.459231   18.897261    9.229281     1.974090   240.065338
   58   21.148077    8.459231   23.126877    9.239552     1.973824    61.226083
   59   16.918462   12.688846   23.126877    9.242282     1.973829    61.164759
   60   21.148077   12.688846   18.897261    9.229421     1.974085   247.920340
   61   16.908111    8.457639   27.359985    9.234555     1.948531    60.453962
   62   21.157559    8.462076   31.500651    9.216735     1.911725    84.805024
   63   16.910698   12.688117   31.496048    9.229963     1.966878    65.607936
   64   21.142780   12.686551   27.359607    9.231703     1.948889    60.267204
   65   16.918462   16.918462   18.897261    9.229534     1.974090   250.197677
   66   21.148077   16.918462   23.126877    9.240017     1.973824    61.262320
   67   16.918462   21.148077   23.126877    9.239047     1.973824    61.189846
   68   21.148077   21.148077   18.897261    9.230017     1.974085   274.682535
   69   16.912652   16.911708   27.359020    9.232022     1.949488    60.320165
   70   21.155788   16.912157   31.498027    9.219756     1.909101    91.740170
   71   16.925932   21.152387   31.494845    9.219424     1.905913    97.682989
   72   21.151406   21.143099   27.362635    9.230936     1.945862    60.311803
   73   25.377692    4.229615   18.897261    6.773137     1.997307   413.770132
   74    4.229615   25.377692   18.897261    6.771511     1.997307   412.677457
   75   25.377692   25.377692   23.126877    6.758947     2.092077    90.441224
   76    4.229615    4.229615   23.126877    6.757595     2.092077    90.307427
   77    0.003135    4.226555   27.385815    6.747537     2.003828    88.623814
   78    4.229704   25.375010   27.387723    6.748758     2.005733    88.710225
   79    0.004637   25.373870   31.530230    6.790207     2.081519   352.368441
   80    4.239173    4.229120   31.526113    6.782983     2.077415   202.443283
   81   25.377692   12.688846   18.897261    6.773640     1.997307   400.582762
   82    4.229615    8.459231   18.897261    6.773640     1.997307   387.272744
   83   25.377692    8.459231   23.126877    6.760356     2.092077    90.446799
   84    4.229615   12.688846   23.126877    6.757241     2.092077    90.260040
   85    0.004144   12.685870   27.379513    6.754727     2.069213    88.891408
   86    4.229342    8.456251   27.377045    6.748180     1.931445    88.707437
   87    0.006552    8.455491   31.521672    6.786870     2.072966   243.215144
   88    4.236360   12.683754   31.525999    6.772511     2.077296   171.265786
   89   25.377692   21.148077   18.897261    6.771511     1.997307   427.782585
   90    4.229615   16.918462   18.897261    6.771850     1.997307   393.112427
   91   25.377692   16.918462   23.126877    6.759017     2.092077    90.391050
   92    4.229615   21.148077   23.126877    6.760078     2.092077    90.524847
   93    0.003260   21.145092   27.386084    6.747944     2.004097    88.646114
   94    4.234144   16.915494   27.389030    6.745776     2.007045    88.604302
   95    0.005656   16.914596   31.522954    6.784576     2.074245   280.017692
   96    4.233045   21.142644   31.527907    6.783290     2.079197   287.660848
   97    8.459231    4.229615   18.897261    6.772081     1.997307   389.079004
   98   12.688846   25.377692   18.897261    6.770580     1.997307   396.892193
   99    8.459231   25.377692   23.126877    6.760418     2.092077    90.488610
  100   12.688846    4.229615   23.126877    6.757137     2.092077    90.251678
  101    8.461635    4.222922   27.381024    6.756572     2.067708    88.905345
  102   12.690972   25.376847   27.381383    6.752528     2.067338    88.807785
  103    8.460872   25.374693   31.524530    6.783740     2.075813   227.131624
  104   12.685605    4.209404   31.522761    6.726396     2.074142   127.394294
  105    8.459231   12.688846   18.897261    6.776541     1.997307   381.597519
  106   12.688846    8.459231   18.897261    6.776898     1.997307   387.632323
  107    8.459231    8.459231   23.126877    6.758054     2.092077    90.165268
  108   12.688846   12.688846   23.126877    6.760478     2.092077    90.352026
  109    8.453163   12.693329   27.353978    6.773569     2.094756    89.794538
  110   12.696605    8.446288   27.349447    6.758327     1.959099    89.181302
  111    8.466092    8.455793   31.468539    6.745836     2.019834   115.241063
  112   12.673128   12.670891   31.421213    6.713863     1.972637   104.319879
  113    8.459231   21.148077   18.897261    6.771725     1.997307   405.898407
  114   12.688846   16.918462   18.897261    6.774351     1.997307   393.338210
  115    8.459231   16.918462   23.126877    6.756017     2.092077    90.237741
  116   12.688846   21.148077   23.126877    6.759445     2.092077    90.396625
  117    8.460244   21.146347   27.385366    6.744942     2.003375    88.523466
  118   12.691066   16.924952   27.376203    6.756688     2.072528    88.980606
  119    8.470754   16.931178   31.523555    6.732242     2.074906   130.644447
  120   12.695039   21.145280   31.519642    6.779941     2.070933   198.415435
  121   16.918462    4.229615   18.897261    6.773532     1.997307   395.161194
  122   21.148077   25.377692   18.897261    6.770138     1.997307   422.871119
  123   16.918462   25.377692   23.126877    6.759451     2.092077    90.399412
  124   21.148077    4.229615   23.126877    6.760740     2.092077    90.510910
  125   16.920099    4.227616   27.384211    6.752271     2.064511    88.779911
  126   21.153874   25.374631   27.381979    6.756054     2.066751    88.871896
  127   16.925875   25.376370   31.516454    6.782628     2.067748   245.472969
  128   21.151850    4.223856   31.521257    6.780470     2.072549   235.371292
  129   16.918462   12.688846   18.897261    6.776689     1.997307   394.219040
  130   21.148077    8.459231   18.897261    6.772159     1.997307   397.778599
  131   16.918462    8.459231   23.126877    6.754915     2.092077    90.090007
  132   21.148077   12.688846   23.126877    6.757654     2.092077    90.251678
  133   16.924321   12.687907   27.348306    6.758234     1.960191    89.362485
  134   21.150727    8.456887   27.381231    6.754929     2.067492    88.913708
  135   16.950526    8.457597   31.509423    6.704887     2.060953   111.935161
  136   21.153288   12.689314   31.513955    6.765701     2.065242   177.551459
  137   16.918462   21.148077   18.897261    6.771994     1.997307   410.887921
  138   21.148077   16.918462   18.897261    6.773353     1.997307   410.823810
  139   16.918462   16.918462   23.126877    6.756400     2.092077    90.176417
  140   21.148077   21.148077   23.126877    6.759269     2.092077    90.393837
  141   16.922460   21.146656   27.380450    6.756388     2.068274    88.891408
  142   21.151509   16.916423   27.382541    6.756147     2.066183    88.891408
  143   16.920537   16.924164   31.511561    6.741577     2.062850   138.321052
  144   21.151526   21.142268   31.524097    6.786016     2.075388   305.759685
  145   16.329851   10.080072   38.410336    6.027816     1.742942  1927.694785
  146   16.090175   13.448427   36.571016    6.087907     1.730954   494.494346
  147   12.822658   15.554601   37.624320    6.074147     1.768297  1344.651886
  148    9.290699   14.057947   36.727100    6.083431     1.787429   323.958870
  149    8.184946   11.532663   39.607904    6.025857     1.759114  2678.764467
  150    8.248907    7.966664   38.052787    6.014949     1.745933   853.998629
  151   11.538745    6.118004   38.902324    6.041268     1.705187  2065.168456
  152   14.361724    7.238403   36.258339    6.121021     1.784690   250.309174
 --------------------------------------------------------------------------------
    VACUUM CHARGE:               0.0000
    VACUUM VOLUME:               0.0000
    NUMBER OF ELECTRONS:      1200.0008
