    #         X           Y           Z       CHARGE      MIN DIST   ATOMIC VOL
 --------------------------------------------------------------------------------
    1   23.889444   23.889444   18.897261   10.313816     1.858306   290.275263
    2    3.981574   23.889444   22.878835   10.313120     1.852700    54.602141
    3   23.889444    3.981574   22.878835   10.312080     1.852700    54.602141
    4    3.981574    3.981574   18.897261   10.316017     1.858326   271.346066
    5    0.005775   23.888788   26.842879   10.340428     1.835023    54.896617
    6    3.981049   23.885976   30.643478   10.261913     1.766996   115.950455
    7    0.008666    3.978133   30.644860   10.265948     1.768400   115.558632
    8    3.987675    3.975514   26.840061   10.354663     1.832216    55.290874
    9   23.889444    7.963148   18.897261   10.315284     1.858306   273.351422
   10    3.981574    7.963148   22.878835   10.310303     1.852700    54.733560
   11   23.889444   11.944722   22.878835   10.313099     1.852700    54.684887
   12    3.981574   11.944722   18.897261   10.316067     1.858318   259.924786
   13   23.887919    7.967534   26.837087   10.352455     1.853968    55.110781
   14    3.924219    7.971338   30.636378   10.298413     1.760846    77.466605
   15   23.885690   11.958430   30.634061   10.256043     1.757634    96.225444
   16    4.047904   11.950121   26.847724   10.338658     1.841062    54.711657
   17   23.889444   15.926296   18.897261   10.315189     1.858306   274.142370
   18    3.981574   15.926296   22.878835   10.312095     1.852700    54.670284
   19   23.889444   19.907870   22.878835   10.314176     1.852700    54.689754
   20    3.981574   19.907870   18.897261   10.316566     1.858310   273.385494
   21    0.001207   15.929778   26.840627   10.337906     1.832766    54.877148
   22    3.987031   15.934886   30.661829   10.255662     1.785373    76.517469
   23    0.015079   19.904859   30.647670   10.262884     1.771252   127.780595
   24    3.986900   19.916431   26.840353   10.337592     1.832516    54.867413
   25    7.963148   23.889444   18.897261   10.313020     1.858306   276.756146
   26   11.944722   23.889444   22.878835   10.316672     1.852700    54.731127
   27    7.963148    3.981574   22.878835   10.311473     1.852700    54.726259
   28   11.944722    3.981574   18.897261   10.316859     1.858318   271.587001
   29    7.967432    0.001595   26.826367   10.364725     1.853910    55.334680
   30   11.968733   23.885488   30.639000   10.276256     1.762683   116.500468
   31    7.968353    3.904247   30.629141   10.320218     1.753539    91.165814
   32   11.949165    3.978695   26.835026   10.354352     1.853873    55.174057
   33    7.963148    7.963148   18.897261   10.318708     1.858322   259.720356
   34   11.944722    7.963148   22.878835   10.319852     1.858914    54.894183
   35    7.963148   11.944722   22.878835   10.335355     1.858914    55.074276
   36   11.944722   11.944722   18.897261   10.317319     1.858318   259.038925
   37    7.969969    8.017529   26.912496   10.372408     1.852274    56.052617
   38   12.015665    7.905327   30.653968   10.373617     1.779495    90.805629
   39    7.907789   12.013237   31.133271   10.256059     1.890371    59.092289
   40   11.895430   11.943761   26.911511   10.365888     1.858024    55.804381
   41    7.963148   15.926296   18.897261   10.316126     1.858314   259.445350
   42   11.944722   15.926296   22.878835   10.310962     1.852700    54.743295
   43    7.963148   19.907870   22.878835   10.314934     1.852700    54.757897
   44   11.944722   19.907870   18.897261   10.314266     1.858310   273.959843
   45    7.963074   15.866394   26.844082   10.338313     1.837193    54.694621
   46   11.941427   15.993672   30.629077   10.302643     1.753812    77.237839
   47    7.962769   19.924633   30.632032   10.260002     1.755627    96.016147
   48   11.948454   19.918491   26.834929   10.354302     1.847688    55.122950
   49   15.926296   23.889444   18.897261   10.314046     1.858306   290.443187
   50   19.907870   23.889444   22.878835   10.312159     1.852700    54.624044
   51   15.926296    3.981574   22.878835   10.312095     1.852700    54.609442
   52   19.907870    3.981574   18.897261   10.314052     1.858310   290.720627
   53   15.937422   23.887134   26.842846   10.339901     1.835016    54.896617
   54   19.917257    0.003515   30.648292   10.263265     1.771835   136.734119
   55   15.949622    3.971999   30.643699   10.281470     1.767394   114.144662
   56   19.918690    3.979890   26.842866   10.340588     1.835034    54.923388
   57   15.926296    7.963148   18.897261   10.316800     1.858314   271.375270
   58   19.907870    7.963148   22.878835   10.314475     1.852700    54.645948
   59   15.926296   11.944722   22.878835   10.309919     1.852700    54.653249
   60   19.907870   11.944722   18.897261   10.313092     1.858310   276.262109
   61   15.937090    7.965358   26.834486   10.355201     1.847509    55.205695
   62   19.923385    7.953825   30.639870   10.272947     1.763478   116.327677
   63   16.014969   11.951762   30.620874   10.318203     1.744959    91.151212
   64   19.917799   11.948446   26.824571   10.365063     1.848235    55.315211
   65   15.926296   15.926296   18.897261   10.315955     1.858314   271.725721
   66   19.907870   15.926296   22.878835   10.312706     1.852700    54.587539
   67   15.926296   19.907870   22.878835   10.312518     1.852700    54.611876
   68   19.907870   19.907870   18.897261   10.313831     1.858310   291.027271
   69   15.939102   15.929568   26.838484   10.360951     1.845569    55.324946
   70   19.922726   15.937323   30.642910   10.275020     1.766522   115.741159
   71   15.940257   19.909024   30.644133   10.267390     1.767704   115.789832
   72   19.916694   19.910478   26.844104   10.350426     1.836262    55.081577
   73   23.889444    3.981574   18.897261    6.691014     1.965654   355.605085
   74    3.981574   23.889444   18.897261    6.691044     1.965654   354.342002
   75   23.889444   23.889444   22.878835    6.683961     1.877755    71.452971
   76    3.981574    3.981574   22.878835    6.681592     1.877755    71.343456
   77    0.006067    3.983598   26.881684    6.718111     1.856647    70.732601
   78    3.987975    0.000565   26.878902    6.722761     1.859429    70.683927
   79    0.007541    0.000772   30.965173    6.673122     1.914680   450.859489
   80    3.985489    3.976164   30.981345    6.668999     1.914868   199.114316
   81   23.889444   11.944722   18.897261    6.694872     1.965654   345.342238
   82    3.981574    7.963148   18.897261    6.692652     1.965654   337.827021
   83   23.889444    7.963148   22.878835    6.668889     1.852700    71.087919
   84    3.981574   11.944722   22.878835    6.685763     1.877755    71.589258
   85    0.021827   11.949295   26.882452    6.707938     1.856002    70.825081
   86    3.982693    7.963483   26.888161    6.703754     1.850159    70.486799
   87    0.007859    7.964417   30.964546    6.654773     1.850273   265.811868
   88    3.939012   11.949195   30.872434    6.623208     1.901629   115.872578
   89   23.889444   19.907870   18.897261    6.690831     1.965654   359.649868
   90    3.981574   15.926296   18.897261    6.694592     1.965654   336.140477
   91   23.889444   15.926296   22.878835    6.683247     1.877755    71.416466
   92    3.981574   19.907870   22.878835    6.682606     1.877755    71.375094
   93    0.007842   19.908672   26.885131    6.717708     1.853206    70.683927
   94    3.982425   15.932911   26.894542    6.704106     1.843790    70.576845
   95    0.008312   15.932639   30.959158    6.659337     1.888255   281.399616
   96    3.988921   19.913063   30.959406    6.663000     1.887339   277.712584
   97    7.963148    3.981574   18.897261    6.697105     1.965654   342.597042
   98   11.944722   23.889444   18.897261    6.690953     1.965654   355.505303
   99    7.963148   23.889444   22.878835    6.668099     1.852700    71.024643
  100   11.944722    3.981574   22.878835    6.669481     1.852700    71.158496
  101    7.968103    3.994289   26.890093    6.709466     1.848277    70.851851
  102   11.951979    0.001024   26.876265    6.721351     1.862069    70.683927
  103    7.973384   23.886806   30.969296    6.655748     1.860819   274.324896
  104   11.962985    3.973718   30.974350    6.673788     1.866180   194.461111
  105    7.963148   11.944722   18.897261    6.693893     1.965654   330.416452
  106   11.944722    7.963148   18.897261    6.692928     1.965654   338.187206
  107    7.963148    7.963148   22.878835    6.674410     1.877755    71.978647
  108   11.944722   11.944722   22.878835    6.673773     1.877755    71.937275
  109    7.971267   11.942361   26.958733    6.639769     1.850015    71.564921
  110   11.952290    7.961290   26.905106    6.697682     1.833231    70.708264
  111    7.959709    7.911885   31.028931    6.808242     1.940406   135.196031
  112   12.013534   11.959234   31.007425    6.804872     1.922905   132.908368
  113    7.963148   19.907870   18.897261    6.696142     1.965654   345.897118
  114   11.944722   15.926296   18.897261    6.692615     1.965654   337.379223
  115    7.963148   15.926296   22.878835    6.684565     1.877755    71.499211
  116   11.944722   19.907870   22.878835    6.668608     1.852700    71.087919
  117    7.967079   19.895614   26.881779    6.704099     1.856585    70.720432
  118   11.949767   15.932612   26.885219    6.706656     1.853119    70.557376
  119    7.969135   15.982700   30.863892    6.620866     1.915232   114.278514
  120   11.955205   19.910324   30.959749    6.656079     1.860601   263.587481
  121   15.926296    3.981574   18.897261    6.691569     1.965654   355.675661
  122   19.907870   23.889444   18.897261    6.696435     1.965654   368.493877
  123   15.926296   23.889444   22.878835    6.683000     1.877755    71.421334
  124   19.907870    3.981574   22.878835    6.682474     1.877755    71.396997
  125   15.936144    3.979823   26.879678    6.716281     1.858669    70.766672
  126   19.916472    0.000665   26.884184    6.717538     1.854156    70.662024
  127   15.942219   23.888378   30.966920    6.661271     1.874091   460.759716
  128   19.921580    3.978456   30.967472    6.660826     1.871890   454.242310
  129   15.926296   11.944722   18.897261    6.698832     1.965654   342.217387
  130   19.907870    7.963148   18.897261    6.692627     1.965654   355.763274
  131   15.926296    7.963148   22.878835    6.670927     1.852700    71.219338
  132   19.907870   11.944722   22.878835    6.668823     1.852700    71.063582
  133   15.921301   11.947835   26.885139    6.710081     1.853190    70.893224
  134   19.915961    7.964627   26.876994    6.722112     1.861344    70.725300
  135   15.948820    7.959050   30.975202    6.678893     1.880794   193.675031
  136   19.922052   11.949140   30.966181    6.671610     1.872352   273.178631
  137   15.926296   19.907870   18.897261    6.694557     1.965654   356.274348
  138   19.907870   15.926296   18.897261    6.692855     1.965654   354.935821
  139   15.926296   15.926296   22.878835    6.670905     1.852700    71.170664
  140   19.907870   19.907870   22.878835    6.683474     1.877755    71.450538
  141   15.932429   19.910369   26.881398    6.717969     1.856934    70.705830
  142   19.916087   15.928006   26.879166    6.722073     1.859173    70.691228
  143   15.941986   15.933172   30.977158    6.671091     1.916844   198.866080
  144   19.919245   19.912455   30.966366    6.654818     1.892402   460.586925
  145    7.895352   12.090138   35.738548    7.381320     2.441680  3119.406507
  146   11.929638   12.025541   34.698747    2.150844     1.244921  1450.054823
  147    7.926921    8.048116   34.735791    2.152061     1.248638  1497.733133
 --------------------------------------------------------------------------------
    VACUUM CHARGE:               0.0000
    VACUUM VOLUME:               0.0000
    NUMBER OF ELECTRONS:      1236.0011
