    #         X           Y           Z       CHARGE      MIN DIST   ATOMIC VOL
 --------------------------------------------------------------------------------
    1   25.873729   25.873729   18.897261   10.207327     2.099968   354.390006
    2    4.312288   25.873729   23.209549   10.225012     2.156231    81.572067
    3   25.873729    4.312288   23.209549   10.231617     2.156231    81.705142
    4    4.312288    4.312288   18.897261   10.201813     2.099968   339.337241
    5    0.006727   25.862115   27.524102   10.275596     2.145003    82.416578
    6    4.330352   25.867257   31.677030   10.148407     2.083708   138.663557
    7   25.869547    4.305948   31.666116   10.139405     2.072720   132.483274
    8    4.360689    4.335753   27.500403   10.178535     2.093698    80.417903
    9   25.873729    8.624576   18.897261   10.201118     2.099968   346.907129
   10    4.312288    8.624576   23.209549   10.245383     2.156231    82.035269
   11   25.873729   12.936865   23.209549   10.232028     2.156231    81.761442
   12    4.312288   12.936865   18.897261   10.199215     2.099968   340.601448
   13   25.871906    8.628337   27.518027   10.261392     2.152251    82.462642
   14    4.297953    8.634137   31.911171   10.023350     2.142757    86.802916
   15   25.840475   12.942122   31.674767   10.130721     2.081629   125.663209
   16    4.335787   12.932531   27.485821   10.172776     2.107724    80.121044
   17   25.873729   17.249153   18.897261   10.203663     2.099968   352.240342
   18    4.312288   17.249153   23.209549   10.246720     2.156231    81.940581
   19   25.873729   21.561441   23.209549   10.221444     2.156231    81.262413
   20    4.312288   21.561441   18.897261   10.201801     2.099968   349.921776
   21    0.001210   17.253338   27.519455   10.261289     2.152327    82.293740
   22    4.363836   17.258377   31.891949   10.040529     2.105072    94.766909
   23   25.873728   21.552228   31.671381   10.167796     2.077991   169.383278
   24    4.341598   21.550968   27.516428   10.250745     2.127179    82.291181
   25    8.624576   25.873729   18.897261   10.200115     2.099968   349.056793
   26   12.936865   25.873729   23.209549   10.236459     2.156231    81.912431
   27    8.624576    4.312288   23.209549   10.273488     2.156561    82.731350
   28   12.936865    4.312288   18.897261   10.201086     2.099968   340.844565
   29    8.634257    0.038514   27.529639   10.242451     2.118243    82.388428
   30   12.959747   25.869756   31.670311   10.124739     2.077031   121.709363
   31    8.664696    4.422316   32.140457    9.971975     2.091863    86.759411
   32   12.939280    4.336697   27.497271   10.162364     2.096282    79.688552
   33    8.624576    8.624576   18.897261   10.200849     2.099968   341.773527
   34   12.936865    8.624576   23.209549   10.272940     2.156560    82.808124
   35    8.624576   12.936865   23.209549   10.276467     2.156560    82.641781
   36   12.936865   12.936865   18.897261   10.194781     2.099968   343.646805
   37    8.621733    8.626891   27.497118   10.140339     2.096295    79.061567
   38   12.913300    8.621902   31.955200    9.987551     2.080083    91.202050
   39    8.496780   12.974700   32.179526    9.937806     2.089626    89.287825
   40   12.905439   12.940040   27.551490   10.202883     2.125842    81.917549
   41    8.624576   17.249153   18.897261   10.207120     2.099968   344.243081
   42   12.936865   17.249153   23.209549   10.246239     2.156231    82.099247
   43    8.624576   21.561441   23.209549   10.242099     2.156231    81.891958
   44   12.936865   21.561441   18.897261   10.202799     2.099968   343.096594
   45    8.615662   17.221456   27.408549   10.125718     2.040583    77.180611
   46   12.842573   17.281528   31.898555   10.025575     2.062723    95.660043
   47    8.667843   21.525466   31.884228   10.052735     2.113491    94.807855
   48   12.923283   21.542526   27.496348   10.202675     2.097191    80.939964
   49   17.249153   25.873729   18.897261   10.202587     2.099968   339.462638
   50   21.561441   25.873729   23.209549   10.221194     2.156231    81.180521
   51   17.249153    4.312288   23.209549   10.245520     2.156231    81.802388
   52   21.561441    4.312288   18.897261   10.200797     2.099968   336.732053
   53   17.270229    0.022408   27.506375   10.261990     2.134008    82.344923
   54   21.581971   25.857936   31.662677   10.158529     2.069429   128.281193
   55   17.294034    4.300845   31.969680    9.983624     2.066390    84.909165
   56   21.542699    4.326326   27.486925   10.206582     2.106615    80.776180
   57   17.249153    8.624576   18.897261   10.202203     2.099968   339.483111
   58   21.561441    8.624576   23.209549   10.237207     2.156231    81.700023
   59   17.249153   12.936865   23.209549   10.239529     2.156231    81.917549
   60   21.561441   12.936865   18.897261   10.202693     2.099968   340.102419
   61   17.234676    8.622726   27.487365   10.145647     2.106096    78.864514
   62   21.554908    8.626428   31.822298   10.081540     2.087978    90.488054
   63   17.233988   12.936614   31.984488   10.011453     2.109291    87.153516
   64   21.512101   12.917429   27.518847   10.238425     2.107260    81.669314
   65   17.249153   17.249153   18.897261   10.202512     2.099968   343.047970
   66   21.561441   17.249153   23.209549   10.216592     2.156231    81.252177
   67   17.249153   21.561441   23.209549   10.224853     2.156231    81.454348
   68   21.561441   21.561441   18.897261   10.205928     2.099968   358.571614
   69   17.230148   17.210331   27.525964   10.240762     2.117916    82.096688
   70   21.551172   17.249045   31.664624   10.162671     2.071239   136.406410
   71   17.278493   21.547382   31.653387   10.139797     2.060234   146.289746
   72   21.567824   21.551854   27.531899   10.286767     2.147205    82.652018
   73   25.873729    4.312288   18.897261    6.773238     1.959047   366.983454
   74    4.312288   25.873729   18.897261    6.773912     1.959047   369.117763
   75   25.873729   25.873729   23.209549    6.799162     2.015310    79.726939
   76    4.312288    4.312288   23.209549    6.803819     2.015310    79.627133
   77    0.011627    4.314639   27.604571    6.753685     1.847956    77.487706
   78    4.329339    0.010039   27.598311    6.759435     1.854284    77.357191
   79    0.021278    0.006143   31.961877    6.756401     2.000301   293.047812
   80    4.269561    4.277869   31.770615    6.730155     1.979972   120.076642
   81   25.873729   12.936865   18.897261    6.772995     1.959047   368.457509
   82    4.312288    8.624576   18.897261    6.774928     1.959047   356.055996
   83   25.873729    8.624576   23.209549    6.800572     2.015310    79.796035
   84    4.312288   12.936865   23.209549    6.806309     2.015310    79.542682
   85   25.865347   12.938971   27.607646    6.753646     1.844863    77.474910
   86    4.314316    8.639482   27.661317    6.783034     1.932152    79.363544
   87    0.002999    8.620559   31.941454    6.728221     2.017932   142.704414
   88    4.220544   12.969333   31.694040    6.690005     1.929959    97.134098
   89   25.873729   21.561441   18.897261    6.773276     1.959047   383.287631
   90    4.312288   17.249153   18.897261    6.772616     1.959047   360.823643
   91   25.873729   17.249153   23.209549    6.797707     2.015310    79.650165
   92    4.312288   21.561441   23.209549    6.798604     2.015310    79.665520
   93    0.020344   21.554030   27.569314    6.780134     1.883299    77.574716
   94    4.309204   17.240249   27.647725    6.772231     1.945708    78.987352
   95    0.019472   17.243938   31.951580    6.741208     2.002271   225.213120
   96    4.345366   21.550622   31.937668    6.729532     1.989001   172.705021
   97    8.624576    4.312288   18.897261    6.775190     1.959047   356.595971
   98   12.936865   25.873729   18.897261    6.772881     1.959047   367.643708
   99    8.624576   25.873729   23.209549    6.799080     2.015310    79.852336
  100   12.936865    4.312288   23.209549    6.804776     2.015310    79.629692
  101    8.642465    4.319775   27.744204    6.805115     2.003584    81.605336
  102   12.952330    0.001710   27.605293    6.751560     1.847262    77.242030
  103    8.645934    0.028805   31.956295    6.755202     2.000503   156.539036
  104   13.062610    4.227171   31.625933    6.687164     1.892275    93.216080
  105    8.624576   12.936865   18.897261    6.772978     1.959047   359.961219
  106   12.936865    8.624576   18.897261    6.773366     1.959047   356.900507
  107    8.624576    8.624576   23.209549    6.809198     2.015310    79.801154
  108   12.936865   12.936865   23.209549    6.794702     2.015310    79.947024
  109    8.613079   12.921804   27.723067    6.779262     2.006725    81.070479
  110   12.925090    8.634634   27.727866    6.764796     2.006525    79.202319
  111    8.664361    8.680467   31.574704    6.687150     1.841651    84.778649
  112   12.817266   12.941093   31.922977    6.717382     2.018295   115.593058
  113    8.624576   21.561441   18.897261    6.775312     1.959047   364.554846
  114   12.936865   17.249153   18.897261    6.773396     1.959047   363.671948
  115    8.624576   17.249153   23.209549    6.801242     1.874389    78.874751
  116   12.936865   21.561441   23.209549    6.801736     2.015310    79.504295
  117    8.631084   21.567088   27.646262    6.774860     1.947167    79.320038
  118   12.922051   17.241470   27.664266    6.780814     1.929216    79.253501
  119    8.614369   17.200583   31.311009    6.656144     1.718316    76.686700
  120   13.010238   21.618079   31.820187    6.741288     1.949035   130.187740
  121   17.249153    4.312288   18.897261    6.774938     1.959047   354.162244
  122   21.561441   25.873729   18.897261    6.773881     1.959047   368.718540
  123   17.249153   25.873729   23.209549    6.795365     2.015310    79.371221
  124   21.561441    4.312288   23.209549    6.800960     2.015310    79.368662
  125   17.249944    4.320873   27.621451    6.776992     1.971978    79.445436
  126   21.570655    0.008715   27.563393    6.781794     1.889139    77.600307
  127   17.266023   25.867356   31.913730    6.726602     2.005597   158.844807
  128   21.604440    4.290945   31.796600    6.727800     1.979171   119.372883
  129   17.249153   12.936865   18.897261    6.772873     1.959047   355.792406
  130   21.561441    8.624576   18.897261    6.776604     1.959047   357.755254
  131   17.249153    8.624576   23.209549    6.808165     2.015310    79.657843
  132   21.561441   12.936865   23.209549    6.800496     2.015310    79.767885
  133   17.209274   12.916502   27.656498    6.811892     1.981938    80.361602
  134   21.543610    8.615693   27.607127    6.788488     1.986383    78.713526
  135   17.186247    8.589370   31.580664    6.684132     1.847740    85.797181
  136   21.550942   12.949810   31.871730    6.711928     1.996548   128.752071
  137   17.249153   21.561441   18.897261    6.773793     1.959047   376.349847
  138   21.561441   17.249153   18.897261    6.773732     1.959047   371.983982
  139   17.249153   17.249153   23.209549    6.797345     2.015310    79.721821
  140   21.561441   21.561441   23.209549    6.797535     2.015310    79.788358
  141   17.239007   21.553069   27.578484    6.761721     1.874051    77.574716
  142   21.549853   17.231147   27.568709    6.776681     1.883902    77.638694
  143   17.211905   17.234214   31.944337    6.756585     2.007291   159.814715
  144   21.572604   21.550633   31.977281    6.773498     2.010285   338.666750
  145   19.705590    8.547036   36.748565    6.186630     1.855968  1040.483388
  146   17.153820   11.560960   36.755885    6.526091     1.764928  1685.272513
  147   10.019452   18.895420   36.099376    6.604395     1.866519  1501.591411
  148    7.117470   16.125021   36.219619    6.579451     1.862297  1401.063914
  149    5.840393   10.100839   36.449706    6.505730     1.782883  1005.738166
  150    7.142396    6.389921   36.771373    6.165277     1.854836  1523.200651
  151   11.031647    6.086310   36.346072    6.487154     1.827262   739.643044
  152   17.623203    5.181417   36.826622    6.527727     1.768752  1819.296379
 --------------------------------------------------------------------------------
    VACUUM CHARGE:               0.0000
    VACUUM VOLUME:               0.0000
    NUMBER OF ELECTRONS:      1272.0040
