    #         X           Y           Z       CHARGE      MIN DIST   ATOMIC VOL
 --------------------------------------------------------------------------------
    1   23.889444   23.889444   18.897261   10.313785     1.858306   279.131422
    2    3.981574   23.889444   22.878835   10.312916     1.852700    54.624044
    3   23.889444    3.981574   22.878835   10.312699     1.852700    54.614310
    4    3.981574    3.981574   18.897261   10.314700     1.858326   248.274739
    5   23.888408   23.883294   26.840501   10.341885     1.832647    54.972061
    6    3.975393   23.881855   30.649158   10.265190     1.772700   118.157807
    7   23.885137    3.963790   30.647193   10.266393     1.770802   112.436215
    8    3.983601    3.970797   26.838901   10.357648     1.847624    55.290874
    9   23.889444    7.963148   18.897261   10.314179     1.858306   251.730571
   10    3.981574    7.963148   22.878835   10.308731     1.852700    54.672718
   11   23.889444   11.944722   22.878835   10.312852     1.852700    54.653249
   12    3.981574   11.944722   18.897261   10.314862     1.858318   238.143311
   13   23.886075    7.957961   26.821477   10.363630     1.852972    55.300609
   14    3.901315    7.948460   30.624255   10.309799     1.748619    79.279700
   15   23.883014   11.949007   30.638993   10.258462     1.762525    95.181394
   16    4.018149   11.942564   26.849995   10.343042     1.842494    54.818739
   17   23.889444   15.926296   18.897261   10.313324     1.858306   257.824516
   18    3.981574   15.926296   22.878835   10.322527     1.858911    54.826040
   19   23.889444   19.907870   22.878835   10.312319     1.852700    54.636213
   20    3.981574   19.907870   18.897261   10.315240     1.858310   259.866377
   21    0.000261   15.925673   26.838580   10.349313     1.857781    55.054807
   22    3.964561   15.932480   30.664125   10.264817     1.787732    73.129780
   23    0.001890   19.903591   30.652123   10.257555     1.775644   123.205268
   24    3.982582   19.908578   26.839604   10.337028     1.831739    54.889316
   25    7.963148   23.889444   18.897261   10.314637     1.858306   258.153064
   26   11.944722   23.889444   22.878835   10.310520     1.852700    54.616743
   27    7.963148    3.981574   22.878835   10.317583     1.858919    54.828474
   28   11.944722    3.981574   18.897261   10.314343     1.858318   239.150856
   29    7.965212   23.883783   26.830067   10.358247     1.852613    55.293308
   30   11.953547   23.873799   30.645443   10.266918     1.769049    85.989368
   31    7.956399    3.920322   30.651254   10.298138     1.775838    73.068938
   32   11.944164    4.018353   26.862341   10.336688     1.854841    54.721392
   33    7.963148    7.963148   18.897261   10.314514     1.858322   232.940094
   34   11.944722    7.963148   22.878835   10.306345     1.852700    54.614310
   35    7.963148   11.944722   22.878835   10.315373     1.858914    54.723825
   36   11.944722   11.944722   18.897261   10.314633     1.858318   233.507143
   37    7.997849    8.002582   26.939824   10.382887     1.851846    56.052617
   38   12.015423    7.919840   30.819028   10.338736     1.872592    59.751817
   39    7.906483   11.978355   30.830350   10.333865     1.844355    59.905139
   40   11.914291   11.898089   26.939312   10.373178     1.828244    55.935800
   41    7.963148   15.926296   18.897261   10.314404     1.858314   239.211699
   42   11.944722   15.926296   22.878835   10.318315     1.858911    54.850377
   43    7.963148   19.907870   22.878835   10.311753     1.852700    54.672718
   44   11.944722   19.907870   18.897261   10.314522     1.858310   258.795556
   45    7.966968   15.882894   26.865933   10.341293     1.855779    54.821173
   46   11.957080   15.974818   30.654262   10.298984     1.778483    73.176020
   47    7.957767   19.911086   30.646785   10.255256     1.770311    86.468804
   48   11.944619   19.905147   26.830164   10.356567     1.855547    55.244634
   49   15.926296   23.889444   18.897261   10.313399     1.858306   259.805535
   50   19.907870   23.889444   22.878835   10.312516     1.852700    54.638647
   51   15.926296    3.981574   22.878835   10.321963     1.858911    54.811438
   52   19.907870    3.981574   18.897261   10.314816     1.858310   257.174722
   53   15.927607   23.880591   26.840000   10.338014     1.832157    54.920954
   54   19.908469   23.881868   30.652275   10.261466     1.775806   123.090885
   55   15.949705    3.962909   30.662618   10.276871     1.786384    72.881544
   56   19.911416    3.972717   26.836961   10.351047     1.849510    55.091312
   57   15.926296    7.963148   18.897261   10.314976     1.858314   237.237981
   58   19.907870    7.963148   22.878835   10.312483     1.852700    54.628912
   59   15.926296   11.944722   22.878835   10.309046     1.852700    54.677585
   60   19.907870   11.944722   18.897261   10.314151     1.858310   252.132129
   61   15.894872    7.957567   26.847298   10.336076     1.839710    54.643514
   62   19.922452    7.946950   30.636137   10.267834     1.759787    95.042673
   63   16.015416   11.949586   30.620586   10.305027     1.744652    79.562008
   64   19.917461   11.942969   26.820118   10.364524     1.848526    55.324946
   65   15.926296   15.926296   18.897261   10.314757     1.858314   249.017013
   66   19.907870   15.926296   22.878835   10.312547     1.852700    54.604575
   67   15.926296   19.907870   22.878835   10.312796     1.852700    54.614310
   68   19.907870   19.907870   18.897261   10.313803     1.858310   278.313704
   69   15.926805   15.930223   26.838840   10.348311     1.854450    55.118082
   70   19.917233   15.931638   30.645878   10.263971     1.769426   112.151474
   71   15.936514   19.904274   30.648061   10.264962     1.771609   117.417967
   72   19.910685   19.906460   26.839465   10.342599     1.831603    54.998832
   73   23.889444    3.981574   18.897261    6.692561     1.965654   335.726751
   74    3.981574   23.889444   18.897261    6.692635     1.965654   340.387257
   75   23.889444   23.889444   22.878835    6.688488     1.877755    71.598993
   76    3.981574    3.981574   22.878835    6.672234     1.852700    71.224205
   77    0.000516    3.976465   26.887156    6.716380     1.851171    70.693662
   78    3.983173   23.883683   26.888738    6.718732     1.849592    70.732601
   79   23.888387   23.880181   30.967015    6.666030     1.890368   400.608775
   80    3.969758    3.968093   30.973127    6.662978     1.895550   195.692556
   81   23.889444   11.944722   18.897261    6.692579     1.965654   324.972300
   82    3.981574    7.963148   18.897261    6.696317     1.965654   313.370927
   83   23.889444    7.963148   22.878835    6.668654     1.852700    71.044112
   84    3.981574   11.944722   22.878835    6.683525     1.877755    71.560054
   85    0.012217   11.941910   26.885246    6.710586     1.853116    70.756938
   86    3.988114    7.957355   26.889316    6.706428     1.849025    70.698529
   87   23.885028    7.953244   30.958689    6.654219     1.862510   229.218991
   88    3.938158   11.936101   30.904813    6.629503     1.902010   120.961411
   89   23.889444   19.907870   18.897261    6.695753     1.965654   347.391400
   90    3.981574   15.926296   18.897261    6.692824     1.965654   317.861075
   91   23.889444   15.926296   22.878835    6.674984     1.852700    71.304517
   92    3.981574   19.907870   22.878835    6.682415     1.877755    71.365359
   93    0.002096   19.903965   26.891360    6.713452     1.846965    70.586580
   94    3.982172   15.925955   26.897855    6.692900     1.840465    70.413788
   95   23.887199   15.925102   30.963345    6.656407     1.909085   259.442916
   96    3.978507   19.907486   30.960836    6.665015     1.942285   238.016760
   97    7.963148    3.981574   18.897261    6.694709     1.965654   317.264822
   98   11.944722   23.889444   18.897261    6.692713     1.965654   330.075736
   99    7.963148   23.889444   22.878835    6.671889     1.852700    71.207169
  100   11.944722    3.981574   22.878835    6.681241     1.877755    71.633064
  101    7.963389    3.987367   26.896307    6.689600     1.842022    70.564677
  102   11.945578    0.004820   26.887207    6.703278     1.851119    70.669325
  103    7.962215   23.883585   30.958542    6.661391     1.863926   226.220692
  104   11.952210    3.923473   30.900242    6.613335     1.916797   101.265604
  105    7.963148   11.944722   18.897261    6.692645     1.965654   307.357293
  106   11.944722    7.963148   18.897261    6.694482     1.965654   307.276981
  107    7.963148    7.963148   22.878835    6.667899     1.877755    71.998117
  108   11.944722   11.944722   22.878835    6.667498     1.877755    71.981081
  109    7.964617   11.944404   26.894961    6.686330     1.843360    70.803178
  110   11.947614    7.956995   26.889976    6.683798     1.848356    70.654723
  111    7.914273    7.937310   31.030440    6.778575     1.942917   105.741150
  112   12.007518   11.958052   31.038087    6.778006     1.928647   105.621899
  113    7.963148   19.907870   18.897261    6.690779     1.965654   330.126843
  114   11.944722   15.926296   18.897261    6.694565     1.965654   317.359736
  115    7.963148   15.926296   22.878835    6.681832     1.877755    71.696340
  116   11.944722   19.907870   22.878835    6.670362     1.852700    71.131725
  117    7.964519   19.894937   26.888210    6.706427     1.850156    70.766672
  118   11.947249   15.912994   26.898235    6.691206     1.840135    70.654723
  119    7.961335   15.972808   30.909591    6.619797     1.905002   102.886438
  120   11.949311   19.902148   30.958472    6.650337     1.852394   223.066637
  121   15.926296    3.981574   18.897261    6.694614     1.965654   318.145816
  122   19.907870   23.889444   18.897261    6.695784     1.965654   346.018802
  123   15.926296   23.889444   22.878835    6.682775     1.877755    71.382395
  124   19.907870    3.981574   22.878835    6.672719     1.852700    71.224205
  125   15.929173    3.973761   26.896045    6.696089     1.842294    70.520870
  126   19.907859   23.884905   26.890923    6.715610     1.847403    70.640121
  127   15.932175   23.877556   30.961403    6.662220     1.892105   236.924035
  128   19.915143    3.970212   30.963364    6.658588     1.887914   258.459708
  129   15.926296   11.944722   18.897261    6.696209     1.965654   313.738413
  130   19.907870    7.963148   18.897261    6.694258     1.965654   324.553706
  131   15.926296    7.963148   22.878835    6.684071     1.877755    71.545451
  132   19.907870   11.944722   22.878835    6.668789     1.852700    71.048980
  133   15.924182   11.943234   26.887599    6.705366     1.850723    70.632820
  134   19.901855    7.957530   26.882987    6.707986     1.855351    70.671759
  135   15.980305    7.960830   30.895764    6.629044     1.912832   120.287281
  136   19.920155   11.942147   30.958079    6.665005     1.870395   229.985601
  137   15.926296   19.907870   18.897261    6.692719     1.965654   340.382389
  138   19.907870   15.926296   18.897261    6.692476     1.965654   335.673210
  139   15.926296   15.926296   22.878835    6.672603     1.852700    71.238807
  140   19.907870   19.907870   22.878835    6.687549     1.877755    71.547885
  141   15.926443   19.906001   26.887038    6.719605     1.851283    70.730167
  142   19.910557   15.924047   26.885745    6.716616     1.852578    70.688795
  143   15.944000   15.928580   30.972852    6.673273     1.899661   195.551402
  144   19.911966   19.904620   30.967827    6.664869     1.911945   396.680808
  145    7.944716   13.251344   35.628145    6.648741     1.816604   711.779651
  146   12.034375    6.576530   35.586788    6.648571     1.761880   686.844122
  147   11.869163    9.208361   38.590520    6.205255     1.846537  3254.235051
  148    8.101877   10.573222   38.595313    6.207105     1.877194  3251.852475
  149    7.956437    8.175018   34.746015    2.138155     1.271655    76.152416
  150   12.037350   11.711797   34.772286    2.137622     1.272845    86.592922
 --------------------------------------------------------------------------------
    VACUUM CHARGE:               0.0000
    VACUUM VOLUME:               0.0000
    NUMBER OF ELECTRONS:      1254.0011
