    #         X           Y           Z       CHARGE      MIN DIST   ATOMIC VOL
 --------------------------------------------------------------------------------
    1   24.898636   24.898636   18.897261   11.394127     2.037639   393.797794
    2    4.149773   24.898636   23.047034   11.346943     2.074846    78.306113
    3   24.898636    4.149773   23.047034   11.346943     2.074846    78.306113
    4    4.149773    4.149773   18.897261   11.394158     2.037639   394.310524
    5   24.898632    0.000000   27.371046   11.471213     2.074905    79.109924
    6    4.149796    0.000003   31.151431   11.338738     1.982137   154.855059
    7   24.898636    4.149794   31.151431   11.338738     1.982137   154.855059
    8    4.149775    4.149770   27.371054   11.471230     2.074943    79.109924
    9   24.898636    8.299545   18.897261   11.394087     2.037639   394.099557
   10    4.149773    8.299545   23.047034   11.347317     2.074846    78.316795
   11   24.898636   12.449318   23.047034   11.346918     2.074846    78.306113
   12    4.149773   12.449318   18.897261   11.394076     2.037639   394.243762
   13   24.898633    8.299551   27.371072   11.471217     2.074906    79.109924
   14    4.149782    8.299557   31.151450   11.338739     1.982156   154.937844
   15    0.000001   12.449318   31.151469   11.338752     1.982175   154.646763
   16    4.149770   12.449313   27.371074   11.471220     2.074926    79.109924
   17   24.898636   16.599090   18.897261   11.394087     2.037639   394.112909
   18    4.149773   16.599090   23.047034   11.347317     2.074846    78.316795
   19   24.898636   20.748863   23.047034   11.346943     2.074846    78.306113
   20    4.149773   20.748863   18.897261   11.394158     2.037639   394.166318
   21   24.898634   16.599098   27.371070   11.471217     2.074907    79.109924
   22    4.149781   16.599074   31.151452   11.338739     1.982158   154.937844
   23    0.000001   20.748845   31.151426   11.338738     1.982132   154.855059
   24    4.149774   20.748857   27.371057   11.471230     2.074910    79.109924
   25    8.299545   24.898636   18.897261   11.394087     2.037639   394.209046
   26   12.449318   24.898636   23.047034   11.346918     2.074846    78.306113
   27    8.299545    4.149773   23.047034   11.347317     2.074846    78.316795
   28   12.449318    4.149773   18.897261   11.394076     2.037639   394.353251
   29    8.299538    0.000000   27.371069   11.471217     2.074931    79.109924
   30   12.449317    0.000003   31.151474   11.338752     1.982180   154.646763
   31    8.299561    4.149777   31.151456   11.338738     1.982162   154.831025
   32   12.449322    4.149767   27.371073   11.471220     2.074935    79.109924
   33    8.299545    8.299545   18.897261   11.394136     2.037639   394.144955
   34   12.449318    8.299545   23.047034   11.346930     2.074846    78.306113
   35    8.299545   12.449318   23.047034   11.346930     2.074846    78.306113
   36   12.449318   12.449318   18.897261   11.394094     2.037639   394.289160
   37    8.299544    8.299555   27.371060   11.471234     2.074937    79.109924
   38   12.449318    8.299547   31.151445   11.338717     1.982151   154.844377
   39    8.299550   12.449320   31.151446   11.338717     1.982152   154.844377
   40   12.449321   12.449313   27.371048   11.471219     2.074926    79.109924
   41    8.299545   16.599090   18.897261   11.394136     2.037639   394.112909
   42   12.449318   16.599090   23.047034   11.346930     2.074846    78.306113
   43    8.299545   20.748863   23.047034   11.347317     2.074846    78.316795
   44   12.449318   20.748863   18.897261   11.394076     2.037639   394.096886
   45    8.299544   16.599093   27.371057   11.471234     2.074926    79.109924
   46   12.449317   16.599085   31.151445   11.338717     1.982151   154.844377
   47    8.299561   20.748857   31.151451   11.338738     1.982157   154.831025
   48   12.449321   20.748861   27.371077   11.471220     2.074914    79.109924
   49   16.599090   24.898636   18.897261   11.394087     2.037639   394.014102
   50   20.748863   24.898636   23.047034   11.346943     2.074846    78.306113
   51   16.599090    4.149773   23.047034   11.347317     2.074846    78.316795
   52   20.748863    4.149773   18.897261   11.394158     2.037639   394.209046
   53   16.599088    0.000000   27.371069   11.471217     2.074921    79.109924
   54   20.748839    0.000002   31.151431   11.338738     1.982137   154.855059
   55   16.599075    4.149777   31.151457   11.338739     1.982163   154.937844
   56   20.748870    4.149771   27.371054   11.471230     2.074923    79.109924
   57   16.599090    8.299545   18.897261   11.394136     2.037639   394.123591
   58   20.748863    8.299545   23.047034   11.347317     2.074846    78.316795
   59   16.599090   12.449318   23.047034   11.346930     2.074846    78.306113
   60   20.748863   12.449318   18.897261   11.394076     2.037639   394.206375
   61   16.599086    8.299555   27.371061   11.471234     2.074919    79.109924
   62   20.748853    8.299556   31.151450   11.338738     1.982156   154.831025
   63   16.599085   12.449320   31.151446   11.338717     1.982152   154.844377
   64   20.748872   12.449313   27.371074   11.471220     2.074925    79.109924
   65   16.599090   16.599090   18.897261   11.394136     2.037639   394.014102
   66   20.748863   16.599090   23.047034   11.347317     2.074846    78.316795
   67   16.599090   20.748863   23.047034   11.347317     2.074846    78.316795
   68   20.748863   20.748863   18.897261   11.394158     2.037639   394.024784
   69   16.599085   16.599093   27.371057   11.471234     2.074918    79.109924
   70   20.748855   16.599074   31.151452   11.338738     1.982158   154.831025
   71   16.599075   20.748858   31.151451   11.338739     1.982157   154.937844
   72   20.748868   20.748857   27.371057   11.471230     2.074910    79.109924
   73   24.898636    4.149773   18.897261    6.585247     1.898073   321.217162
   74    4.149773   24.898636   18.897261    6.582990     1.898073   320.795229
   75   24.898636   24.898636   23.047034    6.653902     1.936610    67.536119
   76    4.149773    4.149773   23.047034    6.653905     1.936647    67.536119
   77    0.000004    4.149778   27.238988    6.630650     1.790740    64.117921
   78    4.149768   24.898630   27.238988    6.630650     1.790740    64.117921
   79   24.898636    0.000001   31.747673    6.577041     1.937651   541.282363
   80    4.149777    4.149777   31.747716    6.577085     1.937693   555.542659
   81   24.898636   12.449318   18.897261    6.587481     1.898073   321.585687
   82    4.149773    8.299545   18.897261    6.589384     1.898073   321.804665
   83   24.898636    8.299545   23.047034    6.653895     1.936610    67.536119
   84    4.149773   12.449318   23.047034    6.653894     1.936632    67.536119
   85    0.000002   12.449323   27.239011    6.630628     1.790717    64.117921
   86    4.149778    8.299548   27.238995    6.630639     1.790733    64.117921
   87   24.898635    8.299548   31.747765    6.577114     1.937653   570.406480
   88    4.149779   12.449315   31.747787    6.577139     1.937674   601.976745
   89   24.898636   20.748863   18.897261    6.585247     1.898073   321.123696
   90    4.149773   16.599090   18.897261    6.589384     1.898073   321.759267
   91   24.898636   16.599090   23.047034    6.653895     1.936610    67.536119
   92    4.149773   20.748863   23.047034    6.653905     1.936617    67.536119
   93    0.000003   20.748862   27.238976    6.630650     1.790752    64.117921
   94    4.149777   16.599083   27.238996    6.630639     1.790732    64.117921
   95   24.898635   16.599088   31.747763    6.577121     1.937653   575.552471
   96    4.149777   20.748860   31.747722    6.577085     1.937657   555.553341
   97    8.299545    4.149773   18.897261    6.589384     1.898073   321.753926
   98   12.449318   24.898636   18.897261    6.587481     1.898073   321.593698
   99    8.299545   24.898636   23.047034    6.653895     1.936610    67.536119
  100   12.449318    4.149773   23.047034    6.653894     1.936632    67.536119
  101    8.299551    4.149786   27.239008    6.630639     1.790720    64.117921
  102   12.449314   24.898631   27.239022    6.630628     1.790706    64.117921
  103    8.299550   24.898635   31.747759    6.577115     1.937653   570.641481
  104   12.449318    4.149779   31.747784    6.577138     1.937677   601.167593
  105    8.299545   12.449318   18.897261    6.587501     1.898073   321.609721
  106   12.449318    8.299545   18.897261    6.587501     1.898073   321.548300
  107    8.299545    8.299545   23.047034    6.653903     1.936639    67.536119
  108   12.449318   12.449318   23.047034    6.653896     1.936632    67.536119
  109    8.299552   12.449323   27.238984    6.630647     1.790744    64.117921
  110   12.449315    8.299550   27.238984    6.628504     1.790744    64.040477
  111    8.299549    8.299550   31.747769    6.577106     1.937687   554.583961
  112   12.449318   12.449315   31.747782    6.577117     1.937674   588.731227
  113    8.299545   20.748863   18.897261    6.589384     1.898073   321.780631
  114   12.449318   16.599090   18.897261    6.587500     1.898073   321.657790
  115    8.299545   16.599090   23.047034    6.653903     1.936624    67.536119
  116   12.449318   20.748863   23.047034    6.653894     1.936617    67.536119
  117    8.299550   20.748854   27.238996    6.630639     1.790732    64.117921
  118   12.449315   16.599081   27.238984    6.628504     1.790744    64.040477
  119    8.299549   16.599090   31.747769    6.577109     1.937668   555.043282
  120   12.449318   20.748858   31.747789    6.577137     1.937657   600.142134
  121   16.599090    4.149773   18.897261    6.587126     1.898073   321.441482
  122   20.748863   24.898636   18.897261    6.587505     1.898073   321.550971
  123   16.599090   24.898636   23.047034    6.653895     1.936610    67.536119
  124   20.748863    4.149773   23.047034    6.653905     1.936617    67.536119
  125   16.599093    4.149786   27.239008    6.632783     1.790720    64.195364
  126   20.748859   24.898630   27.238988    6.630650     1.790740    64.117921
  127   16.599084   24.898635   31.747759    6.577119     1.937653   572.433365
  128   20.748859    4.149777   31.747716    6.577085     1.937655   555.620103
  129   16.599090   12.449318   18.897261    6.587500     1.898073   321.553641
  130   20.748863    8.299545   18.897261    6.587126     1.898073   321.462845
  131   16.599090    8.299545   23.047034    6.653903     1.936624    67.536119
  132   20.748863   12.449318   23.047034    6.653894     1.936617    67.536119
  133   16.599089   12.449323   27.238985    6.626360     1.790743    63.963033
  134   20.748853    8.299548   27.238995    6.632783     1.790733    64.195364
  135   16.599085    8.299549   31.747768    6.577112     1.937663   555.796353
  136   20.748857   12.449315   31.747788    6.577137     1.937656   597.215302
  137   16.599090   20.748863   18.897261    6.587126     1.898073   321.497561
  138   20.748863   16.599090   18.897261    6.587126     1.898073   321.412107
  139   16.599090   16.599090   23.047034    6.653903     1.936624    67.536119
  140   20.748863   20.748863   23.047034    6.653905     1.936617    67.536119
  141   16.599091   20.748855   27.238995    6.632783     1.790733    64.195364
  142   20.748853   16.599083   27.238996    6.632783     1.790732    64.195364
  143   16.599086   16.599090   31.747769    6.577113     1.937664   568.820223
  144   20.748859   20.748860   31.747722    6.577085     1.937656   555.630784
 --------------------------------------------------------------------------------
    VACUUM CHARGE:               0.0000
    VACUUM VOLUME:               0.0000
    NUMBER OF ELECTRONS:      1296.0029
