    #         X           Y           Z       CHARGE      MIN DIST   ATOMIC VOL
 --------------------------------------------------------------------------------
    1   23.889444   23.889444   18.897261   10.313858     1.858306   291.178160
    2    3.981574   23.889444   22.878835   10.313642     1.852700    54.687320
    3   23.889444    3.981574   22.878835   10.313724     1.852700    54.689754
    4    3.981574    3.981574   18.897261   10.316965     1.858326   269.761738
    5    0.001733    0.002832   26.844153   10.352470     1.836291    55.164322
    6    3.979046   23.887781   30.651156   10.266845     1.774674   110.119348
    7   23.886566    3.978320   30.651611   10.267140     1.775131   110.063373
    8    3.974641    3.975416   26.848583   10.363115     1.840741    55.526941
    9   23.889444    7.963148   18.897261   10.314685     1.858306   272.806277
   10    3.981574    7.963148   22.878835   10.307955     1.852700    54.636213
   11   23.889444   11.944722   22.878835   10.311810     1.852700    54.672718
   12    3.981574   11.944722   18.897261   10.316804     1.858318   258.586259
   13   23.880807    7.969397   26.828583   10.359638     1.849627    55.259236
   14    3.890623    7.971071   30.609354   10.347454     1.768500    81.645241
   15    0.000738   11.962821   30.647753   10.266864     1.771361   104.385588
   16    4.028887   11.953470   26.864554   10.363577     1.850902    55.298175
   17   23.889444   15.926296   18.897261   10.316059     1.858306   276.802386
   18    3.981574   15.926296   22.878835   10.322306     1.858911    54.864979
   19   23.889444   19.907870   22.878835   10.311493     1.852700    54.624044
   20    3.981574   19.907870   18.897261   10.314262     1.858310   276.062546
   21    0.004728   15.932500   26.844385   10.347973     1.836537    55.066975
   22    3.986867   15.937479   30.667002   10.277382     1.790560    85.059700
   23    0.008159   19.912849   30.650408   10.267915     1.773949   131.029563
   24    3.988073   19.913237   26.846101   10.348036     1.838255    55.066975
   25    7.963148   23.889444   18.897261   10.313106     1.858306   273.215136
   26   11.944722   23.889444   22.878835   10.311893     1.852700    54.670284
   27    7.963148    3.981574   22.878835   10.308823     1.852700    54.667851
   28   11.944722    3.981574   18.897261   10.316847     1.858318   258.790689
   29    7.968988   23.882628   26.827974   10.360545     1.851438    55.286007
   30   11.963038    0.002524   30.647799   10.272458     1.771411   104.655727
   31    7.970790    3.891835   30.608671   10.348731     1.767634    81.803431
   32   11.953443    4.028805   26.865065   10.364192     1.850943    55.315211
   33    7.963148    7.963148   18.897261   10.315675     1.858322   255.422470
   34   11.944722    7.963148   22.878835   10.326702     1.858914    54.993964
   35    7.963148   11.944722   22.878835   10.326825     1.858914    54.996398
   36   11.944722   11.944722   18.897261   10.315633     1.858318   255.152331
   37    7.998438    7.998464   26.914485   10.370050     1.872234    55.680263
   38   11.976592    7.950552   30.909476   10.275962     1.846176    60.657148
   39    7.949220   11.976941   30.907519   10.274087     1.844893    60.635245
   40   11.913233   11.913518   26.916530   10.339199     1.827035    55.108348
   41    7.963148   15.926296   18.897261   10.314860     1.858314   258.467009
   42   11.944722   15.926296   22.878835   10.310233     1.852700    54.684887
   43    7.963148   19.907870   22.878835   10.312077     1.852700    54.672718
   44   11.944722   19.907870   18.897261   10.314959     1.858310   273.986614
   45    7.963143   15.886983   26.860091   10.357565     1.852643    55.171623
   46   11.949784   16.027530   30.600641   10.346028     1.795034    80.990580
   47    7.965615   19.918458   30.645231   10.266172     1.768780   103.421849
   48   11.949927   19.924451   26.823550   10.370902     1.849682    55.388221
   49   15.926296   23.889444   18.897261   10.315937     1.858306   276.860795
   50   19.907870   23.889444   22.878835   10.311686     1.852700    54.631345
   51   15.926296    3.981574   22.878835   10.322263     1.858911    54.867413
   52   19.907870    3.981574   18.897261   10.314268     1.858310   276.147725
   53   15.931863    0.004770   26.844474   10.348433     1.836624    55.076710
   54   19.911763    0.009151   30.650440   10.267671     1.773983   130.924915
   55   15.937947    3.986960   30.667188   10.277439     1.790749    85.062134
   56   19.913242    3.988705   26.846210   10.349397     1.838367    55.091312
   57   15.926296    7.963148   18.897261   10.314877     1.858314   258.549754
   58   19.907870    7.963148   22.878835   10.312058     1.852700    54.670284
   59   15.926296   11.944722   22.878835   10.310564     1.852700    54.694621
   60   19.907870   11.944722   18.897261   10.314858     1.858310   274.237283
   61   15.887448    7.963814   26.860968   10.357247     1.851442    55.164322
   62   19.916919    7.965993   30.645682   10.265130     1.769223   103.197950
   63   16.025671   11.950953   30.600865   10.346388     1.794737    80.922437
   64   19.922035   11.950461   26.823466   10.361244     1.843993    55.256802
   65   15.926296   15.926296   18.897261   10.316872     1.858314   269.922361
   66   19.907870   15.926296   22.878835   10.314371     1.852700    54.677585
   67   15.926296   19.907870   22.878835   10.314341     1.852700    54.675152
   68   19.907870   19.907870   18.897261   10.313730     1.858310   291.032139
   69   15.940329   15.940981   26.840228   10.361623     1.832476    55.495303
   70   19.920646   15.947886   30.645282   10.283318     1.768975   109.515794
   71   15.948343   19.921541   30.645288   10.284179     1.768994   109.394110
   72   19.917103   19.918001   26.841704   10.342115     1.833890    54.969628
   73   23.889444    3.981574   18.897261    6.691250     1.965654   353.351493
   74    3.981574   23.889444   18.897261    6.692929     1.965654   353.237110
   75   23.889444   23.889444   22.878835    6.680850     1.877755    71.345889
   76    3.981574    3.981574   22.878835    6.681454     1.877755    71.470007
   77   23.887332    3.987043   26.886241    6.718203     1.852088    70.713131
   78    3.986215   23.887762   26.886009    6.717735     1.852318    70.708264
   79    0.003136    0.003272   30.967189    6.661162     1.946792   430.925180
   80    3.977379    3.977752   31.007769    6.671716     1.959725   195.159579
   81   23.889444   11.944722   18.897261    6.692582     1.965654   346.135619
   82    3.981574    7.963148   18.897261    6.696597     1.965654   336.386280
   83   23.889444    7.963148   22.878835    6.669164     1.852700    71.087919
   84    3.981574   11.944722   22.878835    6.682219     1.877755    71.698774
   85    0.018418   11.951157   26.888266    6.712401     1.850157    70.927296
   86    3.988013    7.964613   26.880600    6.682439     1.719568    70.338344
   87   23.880613    7.969250   30.967964    6.662671     1.866980   255.381097
   88    3.961415   11.945179   30.965314    6.650425     1.907928   136.366633
   89   23.889444   19.907870   18.897261    6.694718     1.965654   361.282870
   90    3.981574   15.926296   18.897261    6.692433     1.965654   336.653985
   91   23.889444   15.926296   22.878835    6.681495     1.877755    71.387262
   92    3.981574   19.907870   22.878835    6.679980     1.877755    71.348323
   93    0.008354   19.911498   26.887752    6.715935     1.850590    70.681494
   94    3.986759   15.930858   26.900697    6.698033     1.837636    70.496534
   95    0.007662   15.941629   30.969039    6.653439     1.896734   319.983247
   96    3.985886   19.914099   30.969687    6.661332     1.914447   319.934574
   97    7.963148    3.981574   18.897261    6.696604     1.965654   336.537168
   98   11.944722   23.889444   18.897261    6.692589     1.965654   346.016368
   99    7.963148   23.889444   22.878835    6.668898     1.852700    71.075750
  100   11.944722    3.981574   22.878835    6.682045     1.877755    71.698774
  101    7.964089    3.989183   26.879853    6.683168     1.720319    70.372416
  102   11.950503    0.019723   26.887679    6.702848     1.850755    70.766672
  103    7.969674   23.882207   30.968531    6.660689     1.865393   255.704777
  104   11.945543    3.962319   30.966018    6.650074     1.908432   136.259551
  105    7.963148   11.944722   18.897261    6.693641     1.965654   328.773715
  106   11.944722    7.963148   18.897261    6.691897     1.965654   328.781016
  107    7.963148    7.963148   22.878835    6.673421     1.877755    71.942142
  108   11.944722   11.944722   22.878835    6.672800     1.877755    71.947009
  109    7.967519   11.946999   26.933867    6.674161     1.855801    71.104955
  110   11.947288    7.967642   26.932667    6.673775     1.855518    71.112256
  111    7.915901    7.917188   30.945808    6.733527     1.932282    98.133453
  112   12.006344   12.008767   30.941259    6.715296     1.920784    95.746008
  113    7.963148   19.907870   18.897261    6.692765     1.965654   345.867914
  114   11.944722   15.926296   18.897261    6.694755     1.965654   335.585597
  115    7.963148   15.926296   22.878835    6.681437     1.877755    71.613595
  116   11.944722   19.907870   22.878835    6.669293     1.852700    71.087919
  117    7.969701   19.895843   26.885510    6.713031     1.852861    70.898091
  118   11.951380   15.924140   26.874197    6.678745     1.725972    70.253165
  119    7.980952   15.960412   30.958913    6.630889     1.892308   134.380747
  120   11.958587   19.929617   30.962900    6.661069     1.879936   254.575548
  121   15.926296    3.981574   18.897261    6.692535     1.965654   336.707526
  122   19.907870   23.889444   18.897261    6.696485     1.965654   361.183089
  123   15.926296   23.889444   22.878835    6.681308     1.877755    71.379961
  124   19.907870    3.981574   22.878835    6.679845     1.877755    71.343456
  125   15.931040    3.986926   26.900598    6.697925     1.837736    70.503835
  126   19.910503    0.009222   26.887527    6.715932     1.850818    70.669325
  127   15.941890    0.008622   30.969886    6.647656     1.873813   320.608704
  128   19.913444    3.985760   30.970744    6.658874     1.912686   320.394540
  129   15.926296   11.944722   18.897261    6.694704     1.965654   335.339795
  130   19.907870    7.963148   18.897261    6.692744     1.965654   345.889817
  131   15.926296    7.963148   22.878835    6.681160     1.877755    71.613595
  132   19.907870   11.944722   22.878835    6.669530     1.852700    71.090352
  133   15.922614   11.952228   26.873801    6.680499     1.726374    70.299405
  134   19.894996    7.970396   26.885232    6.713509     1.853147    70.888357
  135   15.959958    7.980901   30.959484    6.631110     1.891857   134.256629
  136   19.928133   11.958883   30.964561    6.661970     1.878467   255.334857
  137   15.926296   19.907870   18.897261    6.692873     1.965654   352.808781
  138   19.907870   15.926296   18.897261    6.692837     1.965654   352.784444
  139   15.926296   15.926296   22.878835    6.679554     1.877755    71.282614
  140   19.907870   19.907870   22.878835    6.682720     1.877755    71.387262
  141   15.932797   19.919030   26.881817    6.719556     1.856548    70.698529
  142   19.918632   15.933493   26.881800    6.720814     1.856565    70.761805
  143   15.944012   15.945394   31.000087    6.676371     1.904261   194.117962
  144   19.920445   19.920672   30.963526    6.648237     1.870762   434.006225
  145   11.444641    8.516626   35.966013    6.798001     1.977838  2524.555652
  146    8.509940   11.440842   35.971635    6.720357     1.885642  2560.287005
  147   12.424745   12.434236   34.619702    2.144128     1.223758   831.066688
  148    7.522910    7.516857   34.641780    2.145817     1.231800   848.068406
 --------------------------------------------------------------------------------
    VACUUM CHARGE:               0.0000
    VACUUM VOLUME:               0.0000
    NUMBER OF ELECTRONS:      1242.0011
