    #         X           Y           Z       CHARGE      MIN DIST   ATOMIC VOL
 --------------------------------------------------------------------------------
    1   23.674900   23.674900   18.897261   11.495066     1.841362   291.085667
    2    3.945818   23.674900   22.843080   11.494212     1.841836    57.163913
    3   23.674900    3.945818   22.843080   11.498017     1.841836    57.218768
    4    3.945818    3.945818   18.897261   11.486588     1.841394   259.763334
    5   23.674900    3.945818   18.897261    6.518065     1.920656   308.322132
    6    3.945818   23.674900   18.897261    6.516843     1.920656   309.359611
    7   23.674900   23.674900   22.843080    6.505333     1.887296    67.898842
    8    3.945818    3.945818   22.843080    6.516604     1.887296    68.294753
    9    0.001752   23.662232   26.876498   11.472968     1.828766    56.667831
   10    3.920842   23.655767   30.914534   11.445896     1.816798   166.793270
   11   23.669193    3.904229   30.914007   11.444172     1.800087   160.005532
   12    3.950394    3.944874   26.868514   11.476741     1.836860    56.710761
   13    0.001596    3.935744   27.015963    6.550526     1.936134    69.892710
   14    3.945419   23.667804   27.016404    6.551894     1.935679    69.971415
   15   23.667730   23.652677   30.996533    6.530637     1.936909   303.378007
   16    3.934842    3.923147   31.009344    6.538023     1.868404   157.515582
   17   23.674900    7.891637   18.897261   11.491697     1.841362   263.491104
   18    3.945818    7.891637   22.843080   11.468624     1.841859    56.474645
   19   23.674900   11.837455   22.843080   11.489891     1.841836    57.180608
   20    3.945818   11.837455   18.897261   11.494911     1.841377   252.238628
   21   23.674900   11.837455   18.897261    6.521700     1.920656   297.456028
   22    3.945818    7.891637   18.897261    6.512867     1.920656   281.915305
   23   23.674900    7.891637   22.843080    6.506800     1.887296    68.015707
   24    3.945818   11.837455   22.843080    6.512265     1.887296    68.936321
   25   23.660835    7.885731   26.881674   11.479242     1.827364    56.834782
   26    3.821088    7.853599   30.851371   11.533158     1.803633   103.790853
   27   23.673140   11.844143   30.917446   11.436661     1.827522   129.107731
   28    3.993677   11.824864   26.947516   11.436460     1.794677    55.835463
   29    0.005745   11.829761   27.012084    6.544217     1.940010    70.019116
   30    3.950544    7.881113   26.990086    6.520122     1.824153    69.437173
   31   23.662064    7.871374   31.006353    6.516677     1.854335   187.719345
   32    3.896920   11.823788   30.919587    6.494450     1.890687   104.468196
   33   23.674900   15.783274   18.897261   11.491074     1.841362   269.050562
   34    3.945818   15.783274   22.843080   11.497525     1.841842    57.264083
   35   23.674900   19.729092   22.843080   11.507162     1.841834    57.528820
   36    3.945818   19.729092   18.897261   11.492951     1.841360   272.549371
   37   23.674900   19.729092   18.897261    6.524951     1.920656   322.744286
   38    3.945818   15.783274   18.897261    6.526172     1.920656   295.948702
   39   23.674900   15.783274   22.843080    6.504697     1.887296    67.827292
   40    3.945818   19.729092   22.843080    6.503275     1.887296    67.815367
   41   23.673188   15.776883   26.872740   11.472850     1.835057    56.713146
   42    3.910337   15.803765   30.923806   11.437558     1.806501    88.149959
   43   23.668275   19.721727   30.915942   11.444247     1.826032   190.543197
   44    3.944818   19.724012   26.875828   11.477246     1.836359    56.872942
   45   23.673107   19.722308   27.018241    6.548010     1.933842    69.709064
   46    3.940482   15.777874   27.008925    6.537192     1.943160    69.601739
   47   23.670203   15.785080   30.994930    6.523594     1.968409   203.944567
   48    3.931983   19.720108   30.995027    6.523372     1.959258   189.455633
   49    7.891637   23.674900   18.897261   11.489241     1.841362   271.208996
   50   11.837455   23.674900   22.843080   11.490881     1.841836    57.163913
   51    7.891637    3.945818   22.843080   11.471204     1.841859    56.634441
   52   11.837455    3.945818   18.897261   11.496771     1.841377   253.633859
   53    7.891637    3.945818   18.897261    6.513657     1.920656   285.838646
   54   11.837455   23.674900   18.897261    6.521357     1.920656   300.821277
   55    7.891637   23.674900   22.843080    6.503992     1.887296    67.960852
   56   11.837455    3.945818   22.843080    6.511324     1.887296    68.776525
   57    7.894681   23.654051   26.884624   11.476501     1.820572    56.822857
   58   11.860524   23.649047   30.921798   11.436876     1.816143   110.767007
   59    7.867116    3.815175   30.868100   11.496553     1.816929    90.003112
   60   11.837736    3.972473   26.932584   11.447924     1.815363    56.031033
   61    7.886459    3.941968   27.000664    6.525370     1.813550    69.751994
   62   11.839016   23.663064   27.008981    6.539322     1.943125    69.902250
   63    7.885904   23.651374   31.003390    6.511821     1.864947   184.256311
   64   11.845895    3.878259   30.866213    6.474635     1.905440    88.560181
   65    7.891637    7.891637   18.897261   11.488074     1.841385   247.358899
   66   11.837455    7.891637   22.843080   11.466901     1.841851    56.264764
   67    7.891637   11.837455   22.843080   11.465669     1.841851    56.262379
   68   11.837455   11.837455   18.897261   11.487395     1.841377   247.611710
   69    7.891637   11.837455   18.897261    6.520155     1.920656   279.241709
   70   11.837455    7.891637   18.897261    6.519908     1.920656   279.656700
   71    7.891637    7.891637   22.843080    6.508777     1.887296    69.773459
   72   11.837455   11.837455   22.843080    6.505065     1.887296    69.699524
   73    7.919909    7.915330   27.092376   11.428297     1.814497    56.438870
   74   11.952607    7.780047   31.304166   11.499877     1.857854    64.249777
   75    7.786893   11.885681   31.357577   11.461330     1.794391    63.493729
   76   11.807373   11.792460   27.099308   11.424553     1.797677    56.381630
   77    7.902478   11.818244   26.928880    6.568534     1.861135    72.964603
   78   11.828766    7.888317   26.931107    6.568003     1.964807    72.365965
   79    7.829703    7.842853   31.062808    6.661173     1.912088    94.937697
   80   11.900222   11.841537   31.078050    6.656464     1.910997    96.072962
   81    7.891637   15.783274   18.897261   11.495655     1.841368   255.329601
   82   11.837455   15.783274   22.843080   11.470340     1.841842    56.648751
   83    7.891637   19.729092   22.843080   11.493445     1.841834    57.302244
   84   11.837455   19.729092   18.897261   11.492338     1.841360   272.554141
   85    7.891637   19.729092   18.897261    6.521207     1.920656   303.218211
   86   11.837455   15.783274   18.897261    6.512297     1.920656   288.447846
   87    7.891637   15.783274   22.843080    6.512519     1.887296    68.981636
   88   11.837455   19.729092   22.843080    6.505970     1.887296    68.022862
   89    7.892294   15.727289   26.951698   11.457290     1.842796    56.145514
   90   11.854709   15.870796   30.890238   11.475929     1.800921    91.028666
   91    7.875722   19.719932   30.925545   11.441369     1.826017   115.007554
   92   11.837744   19.720394   26.884339   11.475261     1.832722    56.784697
   93    7.892320   19.713444   27.014371    6.542014     1.937762    70.062046
   94   11.841849   15.763012   27.012004    6.554756     1.940176    70.260001
   95    7.881442   15.803391   30.909805    6.504046     1.878022    93.323046
   96   11.844747   19.719502   31.007549    6.517047     1.831887   186.696176
   97   15.783274   23.674900   18.897261   11.494088     1.841362   270.949030
   98   19.729092   23.674900   22.843080   11.506833     1.841834    57.495429
   99   15.783274    3.945818   22.843080   11.502989     1.841842    57.380949
  100   19.729092    3.945818   18.897261   11.493996     1.841360   267.426370
  101   15.783274    3.945818   18.897261    6.527575     1.920656   295.025703
  102   19.729092   23.674900   18.897261    6.525281     1.920656   321.127249
  103   15.783274   23.674900   22.843080    6.501550     1.887296    67.736661
  104   19.729092    3.945818   22.843080    6.502217     1.887296    67.741431
  105   15.785189   23.660715   26.875352   11.471705     1.827255    56.684526
  106   19.734929   23.650591   30.912555   11.439225     1.817372   185.272325
  107   15.825606    3.895962   30.930191   11.458449     1.800342    85.514524
  108   19.733610    3.935029   26.873150   11.473912     1.830635    56.775156
  109   15.791517    3.931186   27.003723    6.539579     1.948419    69.754379
  110   19.732374   23.662974   27.015659    6.547987     1.936450    69.737684
  111   15.799331   23.651783   30.992194    6.504233     1.864733   182.481864
  112   19.736885    3.916013   30.992093    6.530799     1.943325   200.264497
  113   15.783274    7.891637   18.897261   11.497909     1.841368   251.077129
  114   19.729092    7.891637   22.843080   11.495972     1.841834    57.304629
  115   15.783274   11.837455   22.843080   11.468338     1.841842    56.498495
  116   19.729092   11.837455   18.897261   11.486882     1.841360   263.839316
  117   15.783274   11.837455   18.897261    6.514451     1.920656   283.937793
  118   19.729092    7.891637   18.897261    6.519860     1.920656   298.388567
  119   15.783274    7.891637   22.843080    6.511629     1.887296    68.802761
  120   19.729092   11.837455   22.843080    6.504642     1.887296    67.970392
  121   15.743876    7.887588   26.935026   11.444136     1.802739    55.923708
  122   19.733606    7.856315   30.914301   11.434369     1.806364   127.292739
  123   15.907372   11.853110   30.849451   11.524568     1.826007   104.756782
  124   19.742915   11.831410   26.884881   11.481760     1.827523    56.901562
  125   15.778840   11.830579   26.984861    6.518653     1.829360    69.372778
  126   19.726020    7.884706   27.008787    6.540538     1.943298    69.811620
  127   15.842289    7.879000   30.897242    6.490410     1.900528   103.096815
  128   19.742413   11.831999   31.003988    6.513804     1.854819   186.734336
  129   15.783274   15.783274   18.897261   11.486001     1.841368   259.920745
  130   19.729092   15.783274   22.843080   11.488235     1.841834    56.992192
  131   15.783274   19.729092   22.843080   11.496573     1.841834    57.206843
  132   19.729092   19.729092   18.897261   11.494829     1.841360   293.981069
  133   15.783274   19.729092   18.897261    6.517731     1.920656   314.597093
  134   19.729092   15.783274   18.897261    6.517025     1.920656   307.644789
  135   15.783274   15.783274   22.843080    6.516630     1.887296    68.261363
  136   19.729092   19.729092   22.843080    6.507306     1.887296    67.956082
  137   15.775470   15.765078   26.867339   11.474719     1.823309    56.651136
  138   19.736065   15.797440   30.914567   11.450187     1.824699   161.500934
  139   15.805612   19.713462   30.913364   11.445267     1.819340   167.301277
  140   19.729365   19.720774   26.875810   11.472002     1.833121    56.627286
  141   15.785246   19.715133   27.016622    6.552715     1.935499    69.949950
  142   19.728551   15.777541   27.015806    6.554794     1.936272    70.028656
  143   15.796186   15.774681   31.011428    6.547236     1.959997   158.460046
  144   19.734732   19.721377   30.997532    6.526610     1.965370   304.885333
  145    7.791914   13.034480   35.893116    6.618408     1.785955   786.239921
  146   12.005749    6.367575   35.742342    6.611452     1.745257   697.436469
  147   11.878784    9.066993   38.658524    6.183233     1.832792  3103.689475
  148    8.080604   10.256056   38.728326    6.181205     1.826423  3144.468371
  149    7.805492    7.774098   34.845864    2.133953     1.301991    84.500895
  150   11.989067   11.778321   34.875194    2.132894     1.299858    97.973814
 --------------------------------------------------------------------------------
    VACUUM CHARGE:               0.0000
    VACUUM VOLUME:               0.0000
    NUMBER OF ELECTRONS:      1325.9996
