    #         X           Y           Z       CHARGE      MIN DIST   ATOMIC VOL
 --------------------------------------------------------------------------------
    1   25.873729   25.873729   18.897261   10.207501     2.099968   382.179530
    2    4.312288   25.873729   23.209549   10.220086     2.156231    81.154930
    3   25.873729    4.312288   23.209549   10.220908     2.156231    81.149812
    4    4.312288    4.312288   18.897261   10.208422     2.099968   357.373945
    5    0.008115   25.869109   27.513731   10.281574     2.147971    82.204171
    6    4.317069   25.869971   31.656137   10.171943     2.062736   188.633006
    7    0.014521    4.303397   31.654110   10.168517     2.060770   188.804468
    8    4.324984    4.308141   27.510370   10.279990     2.143673    82.360277
    9   25.873729    8.624576   18.897261   10.207142     2.099968   361.878002
   10    4.312288    8.624576   23.209549   10.219873     2.156231    81.336628
   11   25.873729   12.936865   23.209549   10.225449     2.156231    81.377574
   12    4.312288   12.936865   18.897261   10.205789     2.099968   341.640452
   13    0.008479    8.622867   27.508198   10.282463     2.142435    82.321891
   14    4.268501    8.623700   31.660136   10.191730     2.067190   128.808372
   15   25.867910   12.941081   31.649784   10.155252     2.056386   158.368810
   16    4.364521   12.937033   27.498494   10.229837     2.103996    81.203554
   17   25.873729   17.249153   18.897261   10.208286     2.099968   361.975249
   18    4.312288   17.249153   23.209549   10.231615     2.156231    81.589981
   19   25.873729   21.561441   23.209549   10.223488     2.156231    81.254736
   20    4.312288   21.561441   18.897261   10.208374     2.099968   363.336703
   21    0.003155   17.250674   27.508979   10.279800     2.143202    82.278385
   22    4.308386   17.264371   31.669392   10.157549     2.076041   125.686241
   23    0.012590   21.557956   31.659565   10.168423     2.066196   207.437447
   24    4.316003   21.565248   27.508696   10.281626     2.142923    82.350041
   25    8.624576   25.873729   18.897261   10.208262     2.099968   367.413387
   26   12.936865   25.873729   23.209549   10.220255     2.156231    81.147253
   27    8.624576    4.312288   23.209549   10.223552     2.156231    81.497853
   28   12.936865    4.312288   18.897261   10.209540     2.099968   358.453895
   29    8.630176    0.003972   27.503815   10.293473     2.138046    82.767178
   30   12.960979   25.868852   31.653635   10.171373     2.060372   186.329795
   31    8.637184    4.236522   31.683252   10.234619     2.080554   184.221077
   32   12.941350    4.311828   27.507874   10.277686     2.142099    82.173461
   33    8.624576    8.624576   18.897261   10.210543     2.099968   347.288438
   34   12.936865    8.624576   23.209549   10.217334     2.156231    81.385251
   35    8.624576   12.936865   23.209549   10.233191     2.156231    81.615572
   36   12.936865   12.936865   18.897261   10.210815     2.099968   345.540557
   37    8.638471    8.661172   27.582084   10.248115     2.119942    82.278385
   38   13.025923    8.545748   31.686532   10.323758     2.067945   181.820619
   39    8.572422   13.003644   32.103328   10.044344     2.090185    84.960347
   40   12.908693   12.929826   27.574283   10.244291     2.128487    82.022473
   41    8.624576   17.249153   18.897261   10.205669     2.099968   342.674338
   42   12.936865   17.249153   23.209549   10.219447     2.156231    81.298241
   43    8.624576   21.561441   23.209549   10.224760     2.156231    81.346864
   44   12.936865   21.561441   18.897261   10.207150     2.099968   360.386033
   45    8.630430   17.204696   27.497793   10.225555     2.111775    81.024415
   46   12.949218   17.308815   31.657069   10.187464     2.064558   128.178828
   47    8.628859   21.579831   31.649875   10.154081     2.056552   158.489089
   48   12.944499   21.561662   27.507975   10.285255     2.142209    82.437051
   49   17.249153   25.873729   18.897261   10.204885     2.099968   380.101522
   50   21.561441   25.873729   23.209549   10.222906     2.156231    81.208672
   51   17.249153    4.312288   23.209549   10.219713     2.156231    81.096070
   52   21.561441    4.312288   18.897261   10.206627     2.099968   379.866083
   53   17.259110   25.867218   27.509828   10.279379     2.144081    82.186257
   54   21.575808   25.868747   31.657651   10.164587     2.064297   215.616407
   55   17.277550    4.293158   31.651233   10.169754     2.058108   177.802795
   56   21.574332    4.307287   27.509515   10.280029     2.143467    82.216966
   57   17.249153    8.624576   18.897261   10.209568     2.099968   360.260636
   58   21.561441    8.624576   23.209549   10.220475     2.156231    81.152371
   59   17.249153   12.936865   23.209549   10.224077     2.156231    81.497853
   60   21.561441   12.936865   18.897261   10.208189     2.099968   366.266899
   61   17.256936    8.625090   27.507630   10.278808     2.141864    82.209289
   62   21.577902    8.607705   31.652878   10.171322     2.059603   187.348326
   63   17.341850   12.933098   31.680194   10.238006     2.063627   186.419364
   64   21.565642   12.936029   27.503579   10.293454     2.137803    82.762060
   65   17.249153   17.249153   18.897261   10.208330     2.099968   358.932451
   66   21.561441   17.249153   23.209549   10.221077     2.156231    81.208672
   67   17.249153   21.561441   23.209549   10.220692     2.156231    81.139575
   68   21.561441   21.561441   18.897261   10.206708     2.099968   381.373406
   69   17.261485   17.243663   27.510716   10.280716     2.144044    82.380750
   70   21.576191   17.253539   31.656247   10.172043     2.062894   188.205633
   71   17.268193   21.557774   31.654112   10.167880     2.060793   187.901097
   72   21.572040   21.559310   27.513745   10.280930     2.145817    82.181139
   73   25.873729    4.312288   18.897261    6.775704     1.959047   389.345077
   74    4.312288   25.873729   18.897261    6.775379     1.959047   387.499949
   75   25.873729   25.873729   23.209549    6.794052     2.015310    79.412167
   76    4.312288    4.312288   23.209549    6.794200     2.015310    79.366103
   77    0.008862    4.310292   27.560549    6.780739     1.891962    77.354631
   78    4.320304   25.870771   27.558853    6.782398     1.893655    77.275299
   79    0.011368   25.868605   31.955182    6.765667     2.010309   535.250954
   80    4.314652    4.298503   31.948055    6.768263     2.008020   227.081281
   81   25.873729   12.936865   18.897261    6.777263     1.959047   373.575757
   82    4.312288    8.624576   18.897261    6.775856     1.959047   362.292580
   83   25.873729    8.624576   23.209549    6.796242     2.015310    79.440317
   84    4.312288   12.936865   23.209549    6.795774     2.015310    79.276533
   85    0.026533   12.936938   27.570842    6.770369     1.881834    77.439083
   86    4.324014    8.626864   27.575090    6.767790     1.877437    77.139665
   87    0.015242    8.622229   31.948431    6.767933     2.006556   326.334333
   88    4.277915   12.945953   31.841594    6.734676     1.966663   133.532515
   89   25.873729   21.561441   18.897261    6.777582     1.959047   394.404464
   90    4.312288   17.249153   18.897261    6.778470     1.959047   363.367412
   91   25.873729   17.249153   23.209549    6.792813     2.015310    79.294447
   92    4.312288   21.561441   23.209549    6.792845     2.015310    79.291888
   93    0.008754   21.558438   27.565525    6.780172     1.886987    77.208761
   94    4.320193   17.248644   27.581405    6.763084     1.871101    76.986118
   95    0.011474   17.247677   31.950730    6.762620     2.010277   351.992107
   96    4.323176   21.561439   31.950678    6.761974     2.010863   349.194985
   97    8.624576    4.312288   18.897261    6.775407     1.959047   368.030136
   98   12.936865   25.873729   18.897261    6.775002     1.959047   388.544071
   99    8.624576   25.873729   23.209549    6.794606     2.015310    79.284211
  100   12.936865    4.312288   23.209549    6.797298     2.015310    79.483822
  101    8.633053    4.331153   27.592479    6.764315     1.860125    77.359750
  102   12.944412   25.870332   27.557228    6.783667     1.895279    77.492824
  103    8.636655   25.868617   31.960896    6.781383     2.009510   333.243967
  104   12.972936    4.284442   31.933221    6.780210     1.986293   209.679240
  105    8.624576   12.936865   18.897261    6.780228     1.959047   351.807851
  106   12.936865    8.624576   18.897261    6.776068     1.959047   361.266372
  107    8.624576    8.624576   23.209549    6.791456     2.015310    80.146635
  108   12.936865   12.936865   23.209549    6.793851     2.015310    80.172227
  109    8.631696   12.938955   27.624756    6.813076     2.014271    80.548418
  110   12.945159    8.624847   27.579669    6.770068     1.872838    77.323922
  111    8.619862    8.602094   31.983500    6.926459     1.998916   183.949810
  112   12.971692   12.955450   31.956422    6.924702     2.002212   179.865449
  113    8.624576   21.561441   18.897261    6.780858     1.959047   373.811196
  114   12.936865   17.249153   18.897261    6.775882     1.959047   362.819760
  115    8.624576   17.249153   23.209549    6.797387     2.015310    79.337952
  116   12.936865   21.561441   23.209549    6.797380     2.015310    79.494059
  117    8.629837   21.542983   27.570755    6.767878     1.881832    77.385341
  118   12.941974   17.244378   27.573212    6.768590     1.879290    77.195966
  119    8.627361   17.299152   31.836880    6.730655     1.962267   132.424414
  120   12.948626   21.560473   31.950089    6.769855     2.010001   329.814742
  121   17.249153    4.312288   18.897261    6.782519     1.959047   386.069398
  122   21.561441   25.873729   18.897261    6.775472     1.959047   400.026859
  123   17.249153   25.873729   23.209549    6.793725     2.015310    79.358425
  124   21.561441    4.312288   23.209549    6.791508     2.015310    79.253501
  125   17.261222    4.305878   27.554876    6.782388     1.897662    77.549125
  126   21.569709   25.870984   27.564614    6.778893     1.887895    77.257385
  127   17.269335   25.862880   31.951075    6.768647     2.001592   531.077024
  128   21.583067    4.301216   31.951336    6.769475     2.000145   529.464776
  129   17.249153   12.936865   18.897261    6.775392     1.959047   368.690390
  130   21.561441    8.624576   18.897261    6.776694     1.959047   389.017509
  131   17.249153    8.624576   23.209549    6.795547     2.015310    79.399371
  132   21.561441   12.936865   23.209549    6.795499     2.015310    79.325157
  133   17.237737   12.934531   27.590940    6.764426     1.861585    77.372545
  134   21.572733    8.621520   27.556587    6.781808     1.895938    77.410932
  135   17.288135    8.598112   31.932028    6.765688     1.960210   208.632558
  136   21.581072   12.932666   31.961681    6.772563     1.980266   332.563241
  137   17.249153   21.561441   18.897261    6.778127     1.959047   390.304748
  138   21.561441   17.249153   18.897261    6.777269     1.959047   389.360431
  139   17.249153   17.249153   23.209549    6.793060     2.015310    79.320038
  140   21.561441   21.561441   23.209549    6.792228     2.015310    79.327716
  141   17.257186   21.559829   27.560024    6.780634     1.892483    77.346954
  142   21.571848   17.246571   27.558392    6.784356     1.894127    77.354631
  143   17.275046   17.256921   31.948792    6.769603     1.995912   226.853519
  144   21.576834   21.559784   31.955222    6.767028     2.006277   541.454270
  145    8.753719   12.882033   36.900330    7.438289     2.375325  3422.321216
  146   12.799771   12.842339   35.690989    2.169765     1.266185  1344.008252
  147    8.755338    8.817443   35.725522    2.168834     1.254852  1383.485294
 --------------------------------------------------------------------------------
    VACUUM CHARGE:               0.0000
    VACUUM VOLUME:               0.0000
    NUMBER OF ELECTRONS:      1236.0039
