    #         X           Y           Z       CHARGE      MIN DIST   ATOMIC VOL
 --------------------------------------------------------------------------------
    1   25.873729   25.873729   18.897261   10.203142     2.099968   322.580099
    2    4.312288   25.873729   23.209549   10.231259     2.156231    81.671873
    3   25.873729    4.312288   23.209549   10.236702     2.156231    81.845894
    4    4.312288    4.312288   18.897261   10.204703     2.099968   301.861434
    5    0.014156    0.011129   27.517635   10.275928     2.142355    82.457524
    6    4.338064    0.013477   31.678074   10.129482     2.084867   121.005604
    7    0.007582    4.319023   31.714703   10.126821     2.091231   116.598793
    8    4.394438    4.349931   27.473508   10.128524     2.057992    78.352690
    9   25.873729    8.624576   18.897261   10.198656     2.099968   303.179382
   10    4.312288    8.624576   23.209549   10.258811     2.156561    82.268149
   11   25.873729   12.936865   23.209549   10.231540     2.156231    81.717937
   12    4.312288   12.936865   18.897261   10.200269     2.099968   293.856495
   13    0.005424    8.627931   27.501111   10.260078     2.135340    82.339804
   14    4.278748    8.629131   31.928054   10.001932     2.053081    91.552650
   15   25.845580   12.945985   31.662792   10.127855     2.069594   137.519629
   16    4.350617   12.911922   27.479488   10.176650     2.114203    80.236205
   17   25.873729   17.249153   18.897261   10.203231     2.099968   319.882783
   18    4.312288   17.249153   23.209549   10.236809     2.156231    81.853571
   19   25.873729   21.561441   23.209549   10.225357     2.156231    81.359660
   20    4.312288   21.561441   18.897261   10.202828     2.099968   327.708583
   21    0.005237   17.250464   27.511854   10.283796     2.146081    82.831156
   22    4.311562   17.249882   31.702135   10.131244     2.108725   117.092704
   23    0.025503   21.564949   31.666648   10.167295     2.073398   184.274819
   24    4.328783   21.563648   27.515953   10.280185     2.139959    82.754382
   25    8.624576   25.873729   18.897261   10.198979     2.099968   319.345367
   26   12.936865   25.873729   23.209549   10.234075     2.156231    81.789593
   27    8.624576    4.312288   23.209549   10.281503     2.156561    82.695523
   28   12.936865    4.312288   18.897261   10.203105     2.099968   301.257481
   29    8.635638    0.072538   27.516803   10.236854     2.083968    82.260472
   30   12.942082    0.011490   31.660904   10.119435     2.067532   125.072052
   31    8.669645    4.467533   32.479919    9.937803     2.098753    89.170106
   32   12.866516    4.377576   27.481969   10.089901     1.972653    77.654049
   33    8.624576    8.624576   18.897261   10.199535     2.099968   290.785546
   34   12.936865    8.624576   23.209549   10.281005     2.156560    82.808124
   35    8.624576   12.936865   23.209549   10.246504     2.156231    81.766561
   36   12.936865   12.936865   18.897261   10.197533     2.099968   292.576933
   37    8.652247    8.635655   27.540598   10.123436     2.053028    79.575951
   38   12.936112    8.637161   32.379805    9.951625     2.092898    84.371749
   39    8.573664   12.969594   32.234198    9.986225     2.035281    83.286680
   40   12.905272   12.892957   27.530139   10.126463     2.063980    79.299565
   41    8.624576   17.249153   18.897261   10.200445     2.099968   304.666233
   42   12.936865   17.249153   23.209549   10.262868     2.156560    82.447288
   43    8.624576   21.561441   23.209549   10.231766     2.156231    81.764002
   44   12.936865   21.561441   18.897261   10.197415     2.099968   331.319506
   45    8.647054   17.207453   27.487327   10.181686     2.106616    80.366720
   46   12.952816   17.205463   31.885441   10.041992     2.112844    97.814825
   47    8.641841   21.565953   31.671955   10.131827     2.078622   148.283303
   48   12.934566   21.539064   27.507125   10.272714     2.133947    82.733909
   49   17.249153   25.873729   18.897261   10.201719     2.099968   335.321976
   50   21.561441   25.873729   23.209549   10.221186     2.156231    81.200994
   51   17.249153    4.312288   23.209549   10.240155     2.156231    82.004559
   52   21.561441    4.312288   18.897261   10.200139     2.099968   325.210878
   53   17.261239   25.871105   27.490137   10.290215     2.124393    83.015413
   54   21.589529    0.002879   31.657028   10.169923     2.063811   182.253111
   55   17.269855    4.270326   31.649615   10.084559     2.056737   120.294168
   56   21.579906    4.313865   27.507519   10.286969     2.137861    82.892575
   57   17.249153    8.624576   18.897261   10.199682     2.099968   304.397525
   58   21.561441    8.624576   23.209549   10.228361     2.156231    81.653959
   59   17.249153   12.936865   23.209549   10.281602     2.156560    82.915607
   60   21.561441   12.936865   18.897261   10.198812     2.099968   323.895489
   61   17.184875    8.668741   27.506051   10.137383     2.088815    79.509414
   62   21.557200    8.617173   31.672395   10.147429     2.079002   133.089786
   63   17.167569   12.936955   32.256493    9.971017     2.103017    86.106834
   64   21.491675   12.932110   27.519650   10.249056     2.086769    82.421696
   65   17.249153   17.249153   18.897261   10.202273     2.099968   320.624929
   66   21.561441   17.249153   23.209549   10.228590     2.156231    81.587422
   67   17.249153   21.561441   23.209549   10.232596     2.156231    81.600218
   68   21.561441   21.561441   18.897261   10.205109     2.099968   354.615209
   69   17.225255   17.195329   27.486342   10.159065     2.102468    79.407049
   70   21.568613   17.264533   31.663359   10.140510     2.070019   130.474362
   71   17.258397   21.590725   31.652330   10.132307     2.059149   136.746774
   72   21.575589   21.567949   27.507384   10.282276     2.141661    82.541975
   73   25.873729    4.312288   18.897261    6.772676     1.959047   331.767353
   74    4.312288   25.873729   18.897261    6.772864     1.959047   336.581065
   75   25.873729   25.873729   23.209549    6.795277     2.015310    79.491500
   76    4.312288    4.312288   23.209549    6.809808     2.015310    79.527327
   77    0.039361    4.324071   27.624243    6.775568     1.828708    77.945789
   78    4.328534    0.019499   27.599972    6.755872     1.852691    77.134547
   79    0.034134    0.010704   31.945889    6.752636     1.987749   229.827220
   80    4.328233    4.245968   31.566315    6.656780     1.833253    85.937932
   81   25.873729   12.936865   18.897261    6.774505     1.959047   326.810330
   82    4.312288    8.624576   18.897261    6.772790     1.959047   310.137640
   83   25.873729    8.624576   23.209549    6.804065     2.015310    79.683434
   84    4.312288   12.936865   23.209549    6.807702     2.015310    79.532446
   85   25.864035   12.937405   27.609059    6.753488     1.843456    77.590071
   86    4.319797    8.634402   27.691922    6.798191     2.012774    79.790917
   87   25.856813    8.647093   31.893887    6.728261     1.999463   162.100012
   88    4.212109   12.914155   31.719516    6.699828     1.921380   112.998106
   89   25.873729   21.561441   18.897261    6.772564     1.959047   362.087850
   90    4.312288   17.249153   18.897261    6.774500     1.959047   329.927343
   91   25.873729   17.249153   23.209549    6.797443     2.015310    79.529887
   92    4.312288   21.561441   23.209549    6.797916     2.015310    79.604101
   93    0.015782   21.566315   27.577112    6.774754     1.875450    77.339277
   94    4.329093   17.234150   27.621787    6.758981     1.830841    77.487706
   95    0.011922   17.239061   31.953267    6.756800     2.009807   267.111093
   96    4.345934   21.561925   31.954047    6.756162     1.988048   254.563710
   97    8.624576    4.312288   18.897261    6.771869     1.959047   315.875195
   98   12.936865   25.873729   18.897261    6.773356     1.959047   341.906601
   99    8.624576   25.873729   23.209549    6.797063     2.015310    79.581069
  100   12.936865    4.312288   23.209549    6.808624     2.015310    79.614338
  101    8.635106    4.342065   27.731239    6.790883     1.991865    82.749264
  102   12.947113    0.013404   27.596247    6.751052     1.856319    77.385341
  103    8.646417    0.091215   31.944998    6.763368     2.000503   179.990846
  104   13.052963    4.177943   31.515130    6.661757     1.818404    92.747760
  105    8.624576   12.936865   18.897261    6.772096     1.959047   307.240712
  106   12.936865    8.624576   18.897261    6.773210     1.959047   308.210620
  107    8.624576    8.624576   23.209549    6.798857     2.015310    79.949583
  108   12.936865   12.936865   23.209549    6.802132     2.015310    79.964938
  109    8.613626   12.938875   27.618895    6.774696     2.010437    81.009060
  110   12.920961    8.628075   27.741064    6.787393     2.005588    82.265590
  111    8.578798    8.710850   31.671919    6.713400     1.935974    90.610892
  112   12.803645   12.900072   31.626381    6.702237     1.892408    86.992291
  113    8.624576   21.561441   18.897261    6.775846     1.959047   348.138067
  114   12.936865   17.249153   18.897261    6.774160     1.959047   324.092541
  115    8.624576   17.249153   23.209549    6.807963     2.015310    79.662961
  116   12.936865   21.561441   23.209549    6.801179     2.015310    79.650165
  117    8.634753   21.568626   27.618041    6.757316     1.834490    77.669404
  118   12.933316   17.223014   27.704894    6.769338     1.888700    79.089717
  119    8.658233   17.329694   31.728267    6.703259     1.941249   115.370414
  120   12.941953   21.543183   31.950611    6.746302     2.003504   215.378408
  121   17.249153    4.312288   18.897261    6.774859     1.959047   333.929813
  122   21.561441   25.873729   18.897261    6.774358     1.959047   366.279695
  123   17.249153   25.873729   23.209549    6.794373     2.015310    79.115309
  124   21.561441    4.312288   23.209549    6.796711     2.015310    79.447995
  125   17.235419    4.333383   27.605878    6.743458     1.846783    77.482588
  126   21.577121    0.002610   27.568355    6.786856     1.884201    77.497942
  127   17.252239    0.005407   31.933808    6.756210     2.016738   278.954718
  128   21.575239    4.325836   31.945930    6.755653     2.008095   256.889953
  129   17.249153   12.936865   18.897261    6.774152     1.959047   324.371486
  130   21.561441    8.624576   18.897261    6.774706     1.959047   342.648747
  131   17.249153    8.624576   23.209549    6.802706     2.015310    79.665520
  132   21.561441   12.936865   23.209549    6.797637     2.015310    79.632252
  133   17.216817   12.928499   27.765700    6.799428     1.989072    82.186257
  134   21.536748    8.621290   27.609409    6.759169     1.843248    77.472351
  135   17.258723    8.531749   31.728189    6.720648     1.928696   110.935452
  136   21.484011   12.939178   31.956960    6.766567     2.020140   183.811617
  137   17.249153   21.561441   18.897261    6.775152     1.959047   366.312964
  138   21.561441   17.249153   18.897261    6.773318     1.959047   359.088557
  139   17.249153   17.249153   23.209549    6.806927     2.015310    79.565714
  140   21.561441   21.561441   23.209549    6.796675     2.015310    79.401930
  141   17.251584   21.534279   27.592175    6.760829     1.860514    77.316245
  142   21.547661   17.249486   27.593067    6.756367     1.859473    77.078246
  143   17.329606   17.358669   31.643591    6.698489     1.910199   103.885067
  144   21.572394   21.563961   31.938814    6.750201     2.011061   313.060159
  145    7.948543   13.545422   36.646261    7.223561     2.130434   537.774250
  146   11.458622    6.057506   36.161342    7.104268     2.297060   589.473667
  147   15.258829   11.142647   36.549816    6.592519     1.929907   543.578343
  148   15.445572   15.145073   36.317925    6.652249     1.939787  1093.032433
  149   10.152370   10.172056   42.156691    6.621312     1.798618  3153.283103
  150    6.316551    9.782755   41.718616    6.068739     1.742357  2200.664667
  151    5.394967    6.310910   40.218916    6.153828     1.745786  2222.798528
  152    4.913737    5.744549   36.096071    6.689144     1.954238   312.049305
  153    8.755337    9.118071   37.797616    2.132608     1.250589    24.025053
  154   11.627735   13.082265   38.992569    2.124832     1.261203   466.175088
 --------------------------------------------------------------------------------
    VACUUM CHARGE:               0.0000
    VACUUM VOLUME:               0.0000
    NUMBER OF ELECTRONS:      1278.0040
