    #         X           Y           Z       CHARGE      MIN DIST   ATOMIC VOL
 --------------------------------------------------------------------------------
    1   23.889444   23.889444   18.897261   10.315226     1.858306   294.490404
    2    3.981574   23.889444   22.878835   10.310747     1.852700    54.602141
    3   23.889444    3.981574   22.878835   10.310747     1.852700    54.602141
    4    3.981574    3.981574   18.897261   10.316973     1.858326   294.731339
    5   23.889443   23.889443   26.847985   10.352441     1.840120    55.130251
    6    3.981563    0.000000   30.647162   10.263491     1.770677   137.571307
    7   23.889444    3.981563   30.647163   10.263491     1.770678   137.571307
    8    3.981579    3.981579   26.847988   10.352720     1.840123    55.139985
    9   23.889444    7.963148   18.897261   10.315188     1.858306   294.259204
   10    3.981574    7.963148   22.878835   10.310746     1.852700    54.602141
   11   23.889444   11.944722   22.878835   10.310722     1.852700    54.602141
   12    3.981574   11.944722   18.897261   10.315176     1.858318   294.285975
   13   23.889444    7.963151   26.847988   10.352575     1.840123    55.135118
   14    3.981572    7.963140   30.647176   10.263514     1.770691   137.573741
   15   23.889443   11.944722   30.647173   10.263492     1.770688   137.571307
   16    3.981591   11.944722   26.847999   10.352728     1.840134    55.139985
   17   23.889444   15.926296   18.897261   10.315188     1.858306   294.259204
   18    3.981574   15.926296   22.878835   10.310746     1.852700    54.602141
   19   23.889444   19.907870   22.878835   10.310747     1.852700    54.602141
   20    3.981574   19.907870   18.897261   10.316973     1.858310   294.731339
   21   23.889444   15.926294   26.847987   10.352575     1.840122    55.135118
   22    3.981572   15.926303   30.647177   10.263514     1.770692   137.573741
   23    0.000000   19.907881   30.647162   10.263491     1.770677   137.571307
   24    3.981579   19.907865   26.847988   10.352720     1.840123    55.139985
   25    7.963148   23.889444   18.897261   10.315188     1.858306   294.349250
   26   11.944722   23.889444   22.878835   10.310722     1.852700    54.602141
   27    7.963148    3.981574   22.878835   10.310746     1.852700    54.602141
   28   11.944722    3.981574   18.897261   10.315176     1.858318   294.310311
   29    7.963150   23.889443   26.847987   10.352575     1.840122    55.135118
   30   11.944722   23.889444   30.647171   10.263492     1.770686   137.571307
   31    7.963140    3.981572   30.647178   10.263514     1.770693   137.573741
   32   11.944722    3.981591   26.847999   10.352728     1.840134    55.139985
   33    7.963148    7.963148   18.897261   10.315142     1.858322   294.176459
   34   11.944722    7.963148   22.878835   10.310732     1.852700    54.602141
   35    7.963148   11.944722   22.878835   10.310732     1.852700    54.602141
   36   11.944722   11.944722   18.897261   10.314587     1.858318   294.320046
   37    7.963163    7.963163   26.848008   10.352740     1.840143    55.139985
   38   11.944722    7.963149   30.647196   10.263518     1.770711   137.571307
   39    7.963149   11.944722   30.647197   10.263518     1.770712   137.571307
   40   11.944722   11.944722   26.848015   10.352971     1.840150    55.149720
   41    7.963148   15.926296   18.897261   10.315142     1.858314   294.176459
   42   11.944722   15.926296   22.878835   10.310732     1.852700    54.602141
   43    7.963148   19.907870   22.878835   10.310746     1.852700    54.602141
   44   11.944722   19.907870   18.897261   10.315176     1.858310   294.310311
   45    7.963163   15.926281   26.848007   10.352740     1.840142    55.139985
   46   11.944722   15.926294   30.647196   10.263518     1.770711   137.571307
   47    7.963140   19.907872   30.647176   10.263514     1.770691   137.573741
   48   11.944722   19.907853   26.847999   10.352728     1.840134    55.139985
   49   15.926296   23.889444   18.897261   10.315188     1.858306   294.169158
   50   19.907870   23.889444   22.878835   10.310747     1.852700    54.602141
   51   15.926296    3.981574   22.878835   10.310746     1.852700    54.602141
   52   19.907870    3.981574   18.897261   10.316973     1.858310   294.736206
   53   15.926293   23.889444   26.847988   10.352575     1.840123    55.135118
   54   19.907881   23.889444   30.647163   10.263491     1.770678   137.571307
   55   15.926304    3.981572   30.647177   10.263514     1.770692   137.573741
   56   19.907865    3.981579   26.847987   10.352720     1.840122    55.139985
   57   15.926296    7.963148   18.897261   10.315142     1.858314   294.251903
   58   19.907870    7.963148   22.878835   10.310746     1.852700    54.602141
   59   15.926296   11.944722   22.878835   10.310732     1.852700    54.602141
   60   19.907870   11.944722   18.897261   10.315177     1.858310   294.334648
   61   15.926281    7.963163   26.848008   10.352740     1.840143    55.139985
   62   19.907873    7.963140   30.647178   10.263514     1.770693   137.573741
   63   15.926295   11.944722   30.647198   10.263518     1.770713   137.571307
   64   19.907853   11.944722   26.847999   10.352728     1.840134    55.139985
   65   15.926296   15.926296   18.897261   10.315142     1.858314   294.251903
   66   19.907870   15.926296   22.878835   10.310746     1.852700    54.602141
   67   15.926296   19.907870   22.878835   10.310746     1.852700    54.602141
   68   19.907870   19.907870   18.897261   10.316973     1.858310   294.736206
   69   15.926280   15.926281   26.848007   10.352740     1.840142    55.139985
   70   19.907873   15.926303   30.647176   10.263514     1.770691   137.573741
   71   15.926303   19.907872   30.647177   10.263514     1.770692   137.573741
   72   19.907865   19.907865   26.847987   10.352720     1.840122    55.139985
   73   23.889444    3.981574   18.897261    6.694871     1.965654   367.639653
   74    3.981574   23.889444   18.897261    6.694869     1.965654   367.459561
   75   23.889444   23.889444   22.878835    6.682451     1.877755    71.474875
   76    3.981574    3.981574   22.878835    6.682451     1.877755    71.474875
   77   23.889443    3.981580   26.882068    6.717112     1.856252    70.759371
   78    3.981579   23.889444   26.882067    6.717112     1.856253    70.759371
   79    0.000000    0.000000   30.971419    6.663459     1.956769   502.974404
   80    3.981571    3.981571   30.971434    6.661742     1.956784   513.261588
   81   23.889444   11.944722   18.897261    6.694864     1.965654   367.649388
   82    3.981574    7.963148   18.897261    6.693085     1.965654   367.347611
   83   23.889444    7.963148   22.878835    6.682449     1.877755    71.474875
   84    3.981574   11.944722   22.878835    6.682445     1.877755    71.474875
   85   23.889443   11.944722   26.882080    6.717363     1.856240    70.769106
   86    3.981582    7.963152   26.882081    6.717240     1.856239    70.764239
   87    0.000000    7.963143   30.971437    6.665190     1.956787   514.729100
   88    3.981570   11.944722   30.971458    6.663491     1.956808   526.045732
   89   23.889444   19.907870   18.897261    6.694871     1.965654   367.639653
   90    3.981574   15.926296   18.897261    6.693085     1.965654   367.347611
   91   23.889444   15.926296   22.878835    6.682449     1.877755    71.474875
   92    3.981574   19.907870   22.878835    6.682451     1.877755    71.474875
   93   23.889444   19.907864   26.882067    6.717112     1.856253    70.759371
   94    3.981582   15.926291   26.882082    6.717240     1.856238    70.764239
   95   23.889443   15.926301   30.971437    6.665202     1.956787   525.670944
   96    3.981571   19.907873   30.971434    6.661754     1.956784   525.189075
   97    7.963148    3.981574   18.897261    6.694859     1.965654   367.393851
   98   11.944722   23.889444   18.897261    6.694864     1.965654   367.649388
   99    7.963148   23.889444   22.878835    6.682449     1.877755    71.474875
  100   11.944722    3.981574   22.878835    6.682445     1.877755    71.474875
  101    7.963153    3.981582   26.882081    6.717240     1.856239    70.764239
  102   11.944722   23.889443   26.882080    6.717363     1.856240    70.769106
  103    7.963143   23.889443   30.971438    6.666908     1.956788   513.879744
  104   11.944722    3.981570   30.971459    6.663491     1.956809   526.006793
  105    7.963148   11.944722   18.897261    6.694982     1.965654   367.975502
  106   11.944722    7.963148   18.897261    6.694977     1.965654   367.688327
  107    7.963148    7.963148   22.878835    6.682442     1.877755    71.474875
  108   11.944722   11.944722   22.878835    6.682433     1.877755    71.474875
  109    7.963155   11.944722   26.882093    6.716863     1.856227    70.749637
  110   11.944722    7.963154   26.882093    6.716863     1.856227    70.749637
  111    7.963143    7.963144   30.971473    6.663519     1.956823   536.822086
  112   11.944721   11.944722   30.971503    6.663554     1.956853   549.413969
  113    7.963148   19.907870   18.897261    6.694859     1.965654   367.393851
  114   11.944722   15.926296   18.897261    6.694977     1.965654   367.688327
  115    7.963148   15.926296   22.878835    6.682442     1.877755    71.474875
  116   11.944722   19.907870   22.878835    6.682445     1.877755    71.474875
  117    7.963153   19.907862   26.882081    6.717240     1.856239    70.764239
  118   11.944722   15.926289   26.882093    6.716863     1.856227    70.749637
  119    7.963144   15.926301   30.971473    6.663519     1.956823   536.822086
  120   11.944722   19.907874   30.971458    6.663491     1.956808   526.006793
  121   15.926296    3.981574   18.897261    6.693089     1.965654   367.464428
  122   19.907870   23.889444   18.897261    6.694875     1.965654   367.863552
  123   15.926296   23.889444   22.878835    6.682449     1.877755    71.474875
  124   19.907870    3.981574   22.878835    6.682451     1.877755    71.474875
  125   15.926292    3.981582   26.882081    6.717240     1.856239    70.764239
  126   19.907865   23.889444   26.882068    6.717112     1.856252    70.759371
  127   15.926301    0.000000   30.971438    6.663484     1.956788   525.534658
  128   19.907873    3.981571   30.971435    6.661752     1.956785   524.390826
  129   15.926296   11.944722   18.897261    6.694971     1.965654   367.401152
  130   19.907870    7.963148   18.897261    6.694864     1.965654   367.532571
  131   15.926296    7.963148   22.878835    6.682442     1.877755    71.474875
  132   19.907870   11.944722   22.878835    6.682445     1.877755    71.474875
  133   15.926289   11.944722   26.882093    6.716863     1.856227    70.749637
  134   19.907862    7.963153   26.882081    6.717240     1.856239    70.764239
  135   15.926301    7.963143   30.971473    6.663520     1.956823   536.719871
  136   19.907873   11.944722   30.971459    6.663491     1.956809   525.967854
  137   15.926296   19.907870   18.897261    6.693089     1.965654   367.464428
  138   19.907870   15.926296   18.897261    6.694864     1.965654   367.532571
  139   15.926296   15.926296   22.878835    6.682442     1.877755    71.474875
  140   19.907870   19.907870   22.878835    6.682451     1.877755    71.474875
  141   15.926292   19.907862   26.882080    6.717240     1.856240    70.764239
  142   19.907862   15.926292   26.882080    6.717240     1.856240    70.764239
  143   15.926300   15.926300   30.971472    6.663520     1.956822   536.719871
  144   19.907874   19.907873   30.971433    6.661741     1.956783   513.448982
 --------------------------------------------------------------------------------
    VACUUM CHARGE:               0.0000
    VACUUM VOLUME:               0.0000
    NUMBER OF ELECTRONS:      1224.0010
