    #         X           Y           Z       CHARGE      MIN DIST   ATOMIC VOL
 --------------------------------------------------------------------------------
    1   25.873729   25.873729   18.897261   10.206308     2.099968   380.042662
    2    4.312288   25.873729   23.209549   10.218549     2.156231    81.111425
    3   25.873729    4.312288   23.209549   10.218842     2.156231    81.124221
    4    4.312288    4.312288   18.897261   10.207939     2.099968   353.770698
    5    0.009655    0.008477   27.517037   10.281922     2.146832    82.286063
    6    4.317625    0.013139   31.656112   10.171262     2.062751   189.669452
    7    0.014866    4.316354   31.656207   10.170401     2.062855   189.410980
    8    4.325414    4.324661   27.523922   10.277341     2.143512    82.365396
    9   25.873729    8.624576   18.897261   10.206491     2.099968   361.652799
   10    4.312288    8.624576   23.209549   10.227846     2.156231    81.633486
   11   25.873729   12.936865   23.209549   10.225136     2.156231    81.339187
   12    4.312288   12.936865   18.897261   10.207635     2.099968   342.922573
   13    0.016512    8.628604   27.507653   10.293431     2.139820    82.792769
   14    4.279197    8.635442   31.674995   10.164335     2.081876   124.258250
   15   25.860537   12.953670   31.645675   10.149704     2.052376   152.096398
   16    4.363446   12.939872   27.485629   10.198672     2.104997    80.428139
   17   25.873729   17.249153   18.897261   10.206310     2.099968   360.662419
   18    4.312288   17.249153   23.209549   10.232665     2.156231    81.589981
   19   25.873729   21.561441   23.209549   10.219235     2.156231    81.152371
   20    4.312288   21.561441   18.897261   10.206014     2.099968   359.457071
   21   25.870797   17.255230   27.511074   10.281565     2.145305    82.375632
   22    4.307465   17.274522   31.677507   10.142482     2.084257   118.694715
   23    0.009185   21.568209   31.659282   10.166383     2.065903   202.482984
   24    4.314452   21.577776   27.510496   10.283740     2.140032    82.475438
   25    8.624576   25.873729   18.897261   10.206441     2.099968   361.476220
   26   12.936865   25.873729   23.209549   10.225804     2.156231    81.372456
   27    8.624576    4.312288   23.209549   10.227832     2.156231    81.636045
   28   12.936865    4.312288   18.897261   10.206659     2.099968   342.807413
   29    8.629371    0.015823   27.507669   10.293260     2.140511    82.792769
   30   12.955111   25.858536   31.646117   10.149550     2.052844   152.429084
   31    8.636935    4.278108   31.675875   10.164359     2.082782   124.086789
   32   12.941111    4.362094   27.485967   10.197771     2.106352    80.394870
   33    8.624576    8.624576   18.897261   10.207456     2.099968   344.550176
   34   12.936865    8.624576   23.209549   10.240550     2.156231    81.694905
   35    8.624576   12.936865   23.209549   10.240668     2.156231    81.700023
   36   12.936865   12.936865   18.897261   10.206024     2.099968   344.063942
   37    8.678493    8.677029   27.557922   10.215956     2.103813    82.250235
   38   13.029683    8.558269   32.156955   10.051028     2.090432    84.210524
   39    8.559426   13.029617   32.156319   10.051168     2.091582    84.207965
   40   12.899437   12.897751   27.552997   10.212097     2.118438    81.858689
   41    8.624576   17.249153   18.897261   10.206776     2.099968   343.390893
   42   12.936865   17.249153   23.209549   10.229037     2.156231    81.651400
   43    8.624576   21.561441   23.209549   10.224343     2.156231    81.290564
   44   12.936865   21.561441   18.897261   10.207656     2.099968   358.679098
   45    8.631425   17.213203   27.480675   10.199838     2.113052    80.361602
   46   12.943027   17.317647   31.668901   10.154937     2.076558   122.118823
   47    8.621076   21.599057   31.644240   10.137915     2.051178   149.335103
   48   12.941929   21.564125   27.507057   10.295022     2.141285    82.820920
   49   17.249153   25.873729   18.897261   10.206298     2.099968   360.554935
   50   21.561441   25.873729   23.209549   10.219123     2.156231    81.149812
   51   17.249153    4.312288   23.209549   10.234110     2.156231    81.661637
   52   21.561441    4.312288   18.897261   10.206052     2.099968   359.574791
   53   17.256305   25.869121   27.511808   10.282429     2.146045    82.408901
   54   21.570846    0.005934   31.659532   10.165420     2.066152   202.488102
   55   17.277086    4.304703   31.677558   10.140646     2.084349   119.055552
   56   21.579180    4.313052   27.511288   10.283674     2.138639    82.477997
   57   17.249153    8.624576   18.897261   10.205066     2.099968   343.265496
   58   21.561441    8.624576   23.209549   10.224094     2.156231    81.285445
   59   17.249153   12.936865   23.209549   10.229402     2.156231    81.674432
   60   21.561441   12.936865   18.897261   10.206636     2.099968   358.712366
   61   17.214697    8.630060   27.481294   10.199655     2.112404    80.364161
   62   21.601338    8.619497   31.644572   10.135829     2.051556   149.944175
   63   17.319162   12.941396   31.668916   10.154038     2.076521   122.121382
   64   21.565208   12.941326   27.507160   10.295345     2.141388    82.841393
   65   17.249153   17.249153   18.897261   10.207648     2.099968   355.032346
   66   21.561441   17.249153   23.209549   10.217457     2.156231    81.060243
   67   17.249153   21.561441   23.209549   10.217409     2.156231    81.057683
   68   21.561441   21.561441   18.897261   10.206686     2.099968   380.406058
   69   17.252084   17.251304   27.524126   10.277080     2.153673    82.324450
   70   21.568670   17.260751   31.655660   10.173840     2.062295   188.023935
   71   17.261455   21.566438   31.655845   10.173425     2.062478   187.931807
   72   21.563565   21.562541   27.517159   10.279356     2.151380    82.168343
   73   25.873729    4.312288   18.897261    6.775222     1.959047   386.801308
   74    4.312288   25.873729   18.897261    6.775226     1.959047   386.714298
   75   25.873729   25.873729   23.209549    6.794711     2.015310    79.476145
   76    4.312288    4.312288   23.209549    6.794824     2.015310    79.570833
   77    0.013635    4.320098   27.557148    6.785269     1.895406    77.364868
   78    4.321125    0.012672   27.557198    6.785489     1.895354    77.377664
   79    0.008863    0.006664   31.955434    6.761769     2.012814   532.277253
   80    4.325402    4.323646   31.964542    6.769326     2.008453   242.500001
   81   25.873729   12.936865   18.897261    6.774952     1.959047   373.486187
   82    4.312288    8.624576   18.897261    6.775043     1.959047   363.050081
   83   25.873729    8.624576   23.209549    6.795214     2.015310    79.368662
   84    4.312288   12.936865   23.209549    6.804039     2.015310    79.442876
   85    0.028241   12.941966   27.567343    6.772319     1.885364    77.441642
   86    4.345620    8.640544   27.600030    6.764670     1.852828    77.280417
   87    0.021144    8.636090   31.961475    6.772881     2.000464   314.411376
   88    4.260622   12.953273   31.772779    6.725619     1.970878   123.818081
   89   25.873729   21.561441   18.897261    6.775780     1.959047   392.927850
   90    4.312288   17.249153   18.897261    6.777763     1.959047   361.793551
   91   25.873729   17.249153   23.209549    6.794127     2.015310    79.384017
   92    4.312288   21.561441   23.209549    6.792090     2.015310    79.281652
   93    0.004102   21.566837   27.564385    6.778598     1.888116    77.346954
   94    4.318678   17.255724   27.591890    6.758577     1.860622    77.098719
   95    0.007737   17.255757   31.951749    6.760085     2.014005   322.738765
   96    4.322052   21.575184   31.951503    6.761303     2.008016   319.158551
   97    8.624576    4.312288   18.897261    6.774984     1.959047   362.840233
   98   12.936865   25.873729   18.897261    6.774900     1.959047   373.803519
   99    8.624576   25.873729   23.209549    6.795455     2.015310    79.378898
  100   12.936865    4.312288   23.209549    6.803444     2.015310    79.419844
  101    8.641590    4.345312   27.600877    6.765045     1.851985    77.311126
  102   12.942662    0.026301   27.567857    6.772203     1.884824    77.446760
  103    8.637431    0.019256   31.961254    6.772284     2.002363   314.265506
  104   12.955536    4.259049   31.774196    6.726450     1.969374   123.897414
  105    8.624576   12.936865   18.897261    6.775613     1.959047   353.299820
  106   12.936865    8.624576   18.897261    6.775626     1.959047   352.811027
  107    8.624576    8.624576   23.209549    6.793622     2.015310    79.967497
  108   12.936865   12.936865   23.209549    6.794551     2.015310    79.934228
  109    8.630792   12.948511   27.639460    6.809208     2.009837    80.870867
  110   12.950232    8.629193   27.638887    6.809398     2.008106    80.881104
  111    8.626064    8.626241   32.031767    6.824059     2.020172   125.097643
  112   12.968832   12.966755   31.978046    6.819445     1.989672   119.531549
  113    8.624576   21.561441   18.897261    6.778157     1.959047   372.833611
  114   12.936865   17.249153   18.897261    6.774818     1.959047   363.648916
  115    8.624576   17.249153   23.209549    6.804071     2.015310    79.371221
  116   12.936865   21.561441   23.209549    6.795393     2.015310    79.378898
  117    8.627152   21.550988   27.567038    6.770318     1.885482    77.464674
  118   12.933782   17.231106   27.597180    6.761226     1.855399    77.280417
  119    8.626332   17.335057   31.748271    6.710885     1.935916   119.354969
  120   12.938942   21.568716   31.963705    6.775806     2.014270   313.771595
  121   17.249153    4.312288   18.897261    6.780540     1.959047   362.016195
  122   21.561441   25.873729   18.897261    6.777536     1.959047   392.973914
  123   17.249153   25.873729   23.209549    6.793719     2.015310    79.376339
  124   21.561441    4.312288   23.209549    6.791922     2.015310    79.284211
  125   17.256971    4.317185   27.593026    6.758999     1.859486    77.126869
  126   21.568035    0.002743   27.564189    6.778286     1.888314    77.334158
  127   17.257957    0.004919   31.952292    6.761006     2.012922   323.550007
  128   21.577662    4.319493   31.952393    6.763606     2.005511   321.597396
  129   17.249153   12.936865   18.897261    6.775835     1.959047   363.510723
  130   21.561441    8.624576   18.897261    6.778156     1.959047   373.012749
  131   17.249153    8.624576   23.209549    6.804294     2.015310    79.389135
  132   21.561441   12.936865   23.209549    6.795570     2.015310    79.389135
  133   17.231765   12.932720   27.597923    6.761086     1.854652    77.272740
  134   21.552839    8.626367   27.567503    6.770586     1.885006    77.482588
  135   17.335941    8.623776   31.751628    6.713419     1.935106   119.772106
  136   21.571035   12.937817   31.963676    6.777221     2.011950   314.774772
  137   17.249153   21.561441   18.897261    6.775336     1.959047   388.679705
  138   21.561441   17.249153   18.897261    6.775244     1.959047   388.418674
  139   17.249153   17.249153   23.209549    6.794808     2.015310    79.578510
  140   21.561441   21.561441   23.209549    6.799460     2.015310    79.701348
  141   17.251291   21.562674   27.555805    6.788368     1.896686    77.518415
  142   21.563751   17.250485   27.555705    6.787052     1.896786    77.456996
  143   17.258462   17.256531   31.965688    6.771419     2.012224   238.072717
  144   21.571892   21.569791   31.954981    6.763476     2.011239   538.675062
  145   13.423897    8.346876   36.774722    7.323496     2.249693  2920.287687
  146    8.346750   13.440418   36.775044    7.317889     2.249694  2910.637232
  147   12.614889   12.615748   36.056495    2.146162     1.318242   810.121311
  148    9.138655    9.149979   36.217872    2.140518     1.305470   936.687890
 --------------------------------------------------------------------------------
    VACUUM CHARGE:               0.0000
    VACUUM VOLUME:               0.0000
    NUMBER OF ELECTRONS:      1242.0039
