    #         X           Y           Z       CHARGE      MIN DIST   ATOMIC VOL
 --------------------------------------------------------------------------------
    1   24.898636   24.898636   18.897261   11.394695     2.037639   394.660355
    2    4.149773   24.898636   23.047034   11.341853     2.074846    77.622474
    3   24.898636    4.149773   23.047034   11.344360     2.074846    77.745315
    4    4.149773    4.149773   18.897261   11.398939     2.037639   379.046132
    5    0.206578    0.192355   27.289316   11.486662     2.006617    77.726622
    6    4.112933    0.033552   31.085526   11.297812     1.916880   148.758382
    7    0.042732    4.098349   31.085015   11.294799     1.916888   150.721176
    8    3.992960    3.966477   27.294645   11.481264     2.029295    77.622474
    9   24.898636    8.299545   18.897261   11.395948     2.037639   382.525751
   10    4.149773    8.299545   23.047034   11.342500     2.074846    77.686565
   11   24.898636   12.449318   23.047034   11.347093     2.074846    77.908214
   12    4.149773   12.449318   18.897261   11.393493     2.037639   361.963153
   13    0.216362    8.494862   27.299920   11.509796     2.016156    78.087135
   14    4.011749    8.310807   31.070058   11.347351     1.900797   127.773850
   15   24.884867   12.425750   31.088829   11.263806     1.919730   141.887270
   16    4.028495   12.240704   27.294288   11.436193     2.005570    76.840027
   17   24.898636   16.599090   18.897261   11.395304     2.037639   381.847453
   18    4.149773   16.599090   23.047034   11.345887     2.074846    77.788043
   19   24.898636   20.748863   23.047034   11.344437     2.074846    77.699917
   20    4.149773   20.748863   18.897261   11.397436     2.037639   381.521656
   21    0.223608   16.802903   27.300404   11.495593     2.003466    77.881509
   22    4.147799   16.601930   31.088013   11.270310     1.918722   118.192213
   23    0.012313   20.743140   31.079920   11.283913     1.910674   151.842772
   24    3.955657   20.537947   27.297503   11.475940     2.003864    77.470257
   25    8.299545   24.898636   18.897261   11.397970     2.037639   385.927927
   26   12.449318   24.898636   23.047034   11.343107     2.074846    77.721281
   27    8.299545    4.149773   23.047034   11.340289     2.074846    77.750656
   28   12.449318    4.149773   18.897261   11.397048     2.037639   377.764308
   29    8.497136    0.169322   27.296383   11.509800     2.003839    78.242022
   30   12.458121    0.029773   31.088064   11.277163     1.919021   147.476558
   31    8.328478    4.015399   31.088018   11.362700     1.918946   164.799880
   32   12.267597    3.967145   27.292406   11.487782     2.032007    77.766679
   33    8.299545    8.299545   18.897261   11.391810     2.037639   360.440987
   34   12.449318    8.299545   23.047034   11.341999     2.074846    77.844123
   35    8.299545   12.449318   23.047034   11.350133     2.074846    77.726622
   36   12.449318   12.449318   18.897261   11.389764     2.037639   359.976325
   37    8.514547    8.542515   27.368899   11.420105     1.998562    77.168494
   38   12.571238    8.191379   31.089372   11.406230     1.920385   149.807876
   39    8.299495   12.526913   31.454108   11.260961     2.076360    82.461361
   40   12.222111   12.249091   27.367900   11.400038     1.986994    76.594344
   41    8.299545   16.599090   18.897261   11.393809     2.037639   360.571839
   42   12.449318   16.599090   23.047034   11.340250     2.074846    77.585087
   43    8.299545   20.748863   23.047034   11.349411     2.074846    77.993669
   44   12.449318   20.748863   18.897261   11.395825     2.037639   379.930057
   45    8.519840   16.729690   27.293206   11.444564     2.019477    76.906789
   46   12.446984   16.748708   31.066770   11.355163     1.897511   124.697472
   47    8.334741   20.767094   31.088683   11.258614     1.919798   141.091471
   48   12.265006   20.546394   27.297138   11.513681     2.012067    78.199295
   49   16.599090   24.898636   18.897261   11.394228     2.037639   394.882004
   50   20.748863   24.898636   23.047034   11.344880     2.074846    77.619803
   51   16.599090    4.149773   23.047034   11.348157     2.074846    77.833441
   52   20.748863    4.149773   18.897261   11.396408     2.037639   397.424289
   53   16.810885    0.188449   27.285245   11.498100     2.011511    78.007021
   54   20.753094    0.005080   31.074152   11.286790     1.904869   151.973625
   55   16.627722    4.130464   31.079482   11.306545     1.910500   147.361728
   56   20.572362    3.946695   27.284345   11.483694     2.010278    77.641167
   57   16.599090    8.299545   18.897261   11.396896     2.037639   378.405220
   58   20.748863    8.299545   23.047034   11.342812     2.074846    77.705258
   59   16.599090   12.449318   23.047034   11.340556     2.074846    77.747986
   60   20.748863   12.449318   18.897261   11.398505     2.037639   386.363213
   61   16.795414    8.490514   27.292304   11.497105     2.015315    78.023044
   62   20.741491    8.303159   31.088040   11.277305     1.918764   146.370985
   63   16.750431   12.431456   31.083251   11.357989     1.914085   166.241932
   64   20.594426   12.259706   27.295235   11.500091     2.024527    77.953612
   65   16.599090   16.599090   18.897261   11.398373     2.037639   378.172890
   66   20.748863   16.599090   23.047034   11.341886     2.074846    77.609121
   67   16.599090   20.748863   23.047034   11.344402     2.074846    77.737304
   68   20.748863   20.748863   18.897261   11.392605     2.037639   394.294501
   69   16.797546   16.768281   27.293046   11.469873     1.997861    77.435541
   70   20.741815   16.646809   31.085062   11.299659     1.916375   147.492581
   71   16.665582   20.722004   31.083461   11.296065     1.915509   150.427425
   72   20.567948   20.548655   27.289832   11.501981     2.007714    78.001680
   73   24.898636    4.149773   18.897261    6.586105     1.898073   309.915745
   74    4.149773   24.898636   18.897261    6.588707     1.898073   309.739494
   75   24.898636   24.898636   23.047034    6.621224     1.935280    66.174180
   76    4.149773    4.149773   23.047034    6.615758     1.935280    66.032646
   77   24.721252    4.349899   27.212109    6.657279     1.802598    65.164744
   78    4.358181   24.692777   27.211305    6.669062     1.780910    65.327642
   79    0.001827   24.882404   31.678861    6.620687     1.920291   529.898161
   80    4.180155    4.162479   31.691346    6.630164     1.906257   219.055764
   81   24.898636   12.449318   18.897261    6.583588     1.898073   296.504658
   82    4.149773    8.299545   18.897261    6.583960     1.898073   289.347805
   83   24.898636    8.299545   23.047034    6.622186     1.935280    66.313045
   84    4.149773   12.449318   23.047034    6.619102     1.935280    66.067362
   85   24.747578   12.657203   27.215444    6.674418     1.815633    65.664121
   86    4.384154    8.089788   27.194877    6.661376     1.724218    65.111334
   87   24.854107    8.268604   31.674982    6.605345     1.843082   312.861270
   88    4.108320   12.443254   31.530749    6.576543     1.895147   113.409406
   89   24.898636   20.748863   18.897261    6.584040     1.898073   314.289970
   90    4.149773   16.599090   18.897261    6.583936     1.898073   289.956672
   91   24.898636   16.599090   23.047034    6.618892     1.935280    66.184862
   92    4.149773   20.748863   23.047034    6.620407     1.935280    66.214237
   93   24.700901   20.957513   27.205771    6.659217     1.783991    64.790878
   94    4.372304   16.388980   27.205643    6.668627     1.823115    65.127357
   95    0.000210   16.597345   31.645139    6.603408     1.935130   323.868936
   96    4.158512   20.765099   31.632903    6.600068     1.920999   315.617192
   97    8.299545    4.149773   18.897261    6.584354     1.898073   292.875493
   98   12.449318   24.898636   18.897261    6.585845     1.898073   309.662050
   99    8.299545   24.898636   23.047034    6.617908     1.935280    66.104748
  100   12.449318    4.149773   23.047034    6.617133     1.935280    66.070032
  101    8.125241    4.351847   27.209965    6.662307     1.742606    65.642757
  102   12.663503   24.701203   27.216543    6.671969     1.815225    65.466507
  103    8.291189   24.855814   31.695563    6.611070     1.841177   317.825669
  104   12.477123    4.114627   31.702778    6.629093     1.840644   212.748121
  105    8.299545   12.449318   18.897261    6.584392     1.898073   281.403165
  106   12.449318    8.299545   18.897261    6.583638     1.898073   288.268937
  107    8.299545    8.299545   23.047034    6.639182     1.936639    67.229015
  108   12.449318   12.449318   23.047034    6.641204     1.936632    67.261061
  109    8.113220   12.645903   27.191131    6.671548     1.856844    66.593444
  110   12.649835    8.111228   27.205975    6.675059     1.825497    65.236846
  111    8.300648    8.228875   31.574318    6.753850     1.944278   129.386812
  112   12.562678   12.463990   31.571539    6.783694     1.951599   127.720441
  113    8.299545   20.748863   18.897261    6.583604     1.898073   296.547385
  114   12.449318   16.599090   18.897261    6.584095     1.898073   287.993878
  115    8.299545   16.599090   23.047034    6.619577     1.935280    66.072703
  116   12.449318   20.748863   23.047034    6.619546     1.935280    66.192874
  117    8.102926   20.911606   27.215956    6.661186     1.814873    65.490541
  118   12.673738   16.378370   27.191559    6.664180     1.715048    65.095312
  119    8.310505   16.679344   31.538764    6.554522     1.856375   111.094111
  120   12.493427   20.810906   31.667772    6.606576     1.860817   303.869807
  121   16.599090    4.149773   18.897261    6.586326     1.898073   309.138639
  122   20.748863   24.898636   18.897261    6.583990     1.898073   320.042157
  123   16.599090   24.898636   23.047034    6.619360     1.935280    66.056680
  124   20.748863    4.149773   23.047034    6.618977     1.935280    66.029975
  125   16.414413    4.345000   27.203792    6.659700     1.779873    64.967129
  126   20.966447   24.687560   27.202586    6.663273     1.759736    64.879004
  127   16.613670   24.884968   31.644520    6.605231     1.922418   506.309923
  128   20.774245    4.145054   31.641927    6.607294     1.911634   493.734693
  129   16.599090   12.449318   18.897261    6.584334     1.898073   292.362763
  130   20.748863    8.299545   18.897261    6.585816     1.898073   306.967549
  131   16.599090    8.299545   23.047034    6.617996     1.935280    66.099407
  132   20.748863   12.449318   23.047034    6.616926     1.935280    66.059350
  133   16.412639   12.634595   27.206673    6.657122     1.744804    65.509234
  134   20.959805    8.093304   27.216442    6.671933     1.815749    65.466507
  135   16.654303    8.281795   31.697147    6.626075     1.853572   210.125722
  136   20.803654   12.467998   31.699650    6.613654     1.853175   314.629120
  137   16.599090   20.748863   18.897261    6.586093     1.898073   309.750176
  138   20.748863   16.599090   18.897261    6.587857     1.898073   308.695341
  139   16.599090   16.599090   23.047034    6.618668     1.935280    66.126112
  140   20.748863   20.748863   23.047034    6.619980     1.935280    66.131453
  141   16.411510   20.938406   27.210990    6.654921     1.772747    65.079289
  142   20.969308   16.397017   27.210934    6.671357     1.782611    65.373040
  143   16.605408   16.586173   31.680786    6.625763     1.923627   212.846928
  144   20.775350   20.757761   31.683231    6.618503     1.908711   541.487989
  145    8.315450   12.562794   36.159891    7.316191     2.385102  3042.265811
  146   12.408149   12.541557   35.238518    2.148929     1.247802  1418.667074
  147    8.271502    8.473305   35.237600    2.148433     1.235206  1417.051441
 --------------------------------------------------------------------------------
    VACUUM CHARGE:               0.0000
    VACUUM VOLUME:               0.0000
    NUMBER OF ELECTRONS:      1308.0028
