    #         X           Y           Z       CHARGE      MIN DIST   ATOMIC VOL
 --------------------------------------------------------------------------------
    1   24.898636   24.898636   18.897261   11.391110     2.037639   350.295881
    2    4.149773   24.898636   23.047034   11.337973     2.074846    77.598440
    3   24.898636    4.149773   23.047034   11.338588     2.074846    77.606451
    4    4.149773    4.149773   18.897261   11.391107     2.037639   312.516780
    5   24.699503   24.703490   27.303005   11.496137     2.004027    77.961623
    6    4.131945   24.875877   31.084357   11.293018     1.915282   146.477803
    7   24.893277    4.129602   31.084685   11.282359     1.915505   144.923591
    8    4.350700    4.359275   27.327445   11.490927     2.004887    77.916225
    9   24.898636    8.299545   18.897261   11.391413     2.037639   325.527297
   10    4.149773    8.299545   23.047034   11.344676     2.074846    77.942930
   11   24.898636   12.449318   23.047034   11.342588     2.074846    77.972305
   12    4.149773   12.449318   18.897261   11.394173     2.037639   306.972890
   13   24.688710    8.097221   27.315405   11.494462     2.002078    77.974975
   14    4.132907    8.243521   31.102743   11.282148     1.934335   114.696572
   15   24.885449   12.478862   31.073340   11.233758     1.904321   135.317920
   16    4.348431   12.647388   27.283808   11.458948     2.016612    77.480939
   17   24.898636   16.599090   18.897261   11.391295     2.037639   333.637506
   18    4.149773   16.599090   23.047034   11.342733     2.074846    77.499632
   19   24.898636   20.748863   23.047034   11.344902     2.074846    77.801395
   20    4.149773   20.748863   18.897261   11.388510     2.037639   326.568779
   21   24.659574   16.399826   27.303529   11.483546     2.012448    77.780031
   22    4.152691   16.564568   31.064186   11.295448     1.895209   112.843267
   23   24.873537   20.776806   31.079857   11.277705     1.910932   148.285710
   24    4.334221   20.939368   27.295271   11.488161     1.990845    77.753327
   25    8.299545   24.898636   18.897261   11.398457     2.037639   328.515550
   26   12.449318   24.898636   23.047034   11.337129     2.074846    77.649178
   27    8.299545    4.149773   23.047034   11.344503     2.074846    78.105828
   28   12.449318    4.149773   18.897261   11.390756     2.037639   312.535473
   29    8.101180   24.727253   27.312097   11.481968     2.004422    77.670542
   30   12.477355   24.877765   31.094249   11.267125     1.925272   143.163753
   31    8.214329    4.135632   31.100834   11.270938     1.932321   127.731123
   32   12.621338    4.393951   27.327854   11.478190     2.019693    77.400825
   33    8.299545    8.299545   18.897261   11.385555     2.037639   292.723276
   34   12.449318    8.299545   23.047034   11.347663     2.074846    77.416848
   35    8.299545   12.449318   23.047034   11.365180     2.074846    78.271397
   36   12.449318   12.449318   18.897261   11.380114     2.037639   284.276588
   37    8.142781    8.191282   27.364014   11.379671     1.998089    76.479514
   38   12.579262    8.210321   31.292529   11.293361     2.019148    83.553582
   39    8.040474   12.427940   31.712850   11.136971     1.995041    80.648113
   40   12.601857   12.626918   27.379477   11.350654     2.003839    76.001500
   41    8.299545   16.599090   18.897261   11.391166     2.037639   299.508934
   42   12.449318   16.599090   23.047034   11.342564     2.074846    77.825429
   43    8.299545   20.748863   23.047034   11.347071     2.074846    77.886850
   44   12.449318   20.748863   18.897261   11.392007     2.037639   319.935338
   45    8.067627   16.365901   27.256359   11.379082     1.980926    75.956102
   46   12.514948   16.690369   31.062441   11.305053     1.894868   110.525302
   47    8.236171   20.828018   31.071847   11.271812     1.904529   138.103218
   48   12.625973   20.933938   27.294381   11.481258     2.029443    77.625144
   49   16.599090   24.898636   18.897261   11.392580     2.037639   346.968479
   50   20.748863   24.898636   23.047034   11.346097     2.074846    77.860145
   51   16.599090    4.149773   23.047034   11.344373     2.074846    77.643838
   52   20.748863    4.149773   18.897261   11.392609     2.037639   349.481389
   53   16.386810   24.721568   27.312194   11.489104     2.001738    78.009692
   54   20.784516   24.863483   31.079099   11.283581     1.910461   148.643552
   55   16.557764    4.097125   31.080224   11.286777     1.912103   111.935308
   56   20.943116    4.344691   27.295533   11.482843     2.019952    77.611792
   57   16.599090    8.299545   18.897261   11.388304     2.037639   309.015797
   58   20.748863    8.299545   23.047034   11.342626     2.074846    77.734633
   59   16.599090   12.449318   23.047034   11.347240     2.074846    77.830770
   60   20.748863   12.449318   18.897261   11.393115     2.037639   327.877308
   61   16.311167    8.110106   27.228053   11.384210     1.988151    74.938654
   62   20.776794    8.243604   31.073961   11.255044     1.905693   111.756387
   63   16.654608   12.489686   31.337820   11.257861     2.020836    82.968749
   64   20.824915   12.628657   27.335521   11.438078     2.013090    77.139119
   65   16.599090   16.599090   18.897261   11.389675     2.037639   311.558082
   66   20.748863   16.599090   23.047034   11.338906     2.074846    77.697247
   67   16.599090   20.748863   23.047034   11.337082     2.074846    77.721281
   68   20.748863   20.748863   18.897261   11.399034     2.037639   353.484419
   69   16.367114   16.359234   27.356464   11.494305     2.006646    77.857475
   70   20.733287   16.591244   31.101410   11.277204     1.932195   131.328242
   71   16.588755   20.744762   31.096695   11.276495     1.927433   140.023284
   72   20.919309   20.920738   27.304003   11.475676     2.042265    77.496962
   73   24.898636    4.149773   18.897261    6.585301     1.898073   254.597014
   74    4.149773   24.898636   18.897261    6.585759     1.898073   257.660040
   75   24.898636   24.898636   23.047034    6.618012     1.935280    66.171510
   76    4.149773    4.149773   23.047034    6.620624     1.935280    66.483955
   77    0.206641    3.937969   27.205997    6.662464     1.818950    65.039232
   78    3.938506    0.206609   27.206728    6.670258     1.785976    65.260881
   79    0.000761   24.893056   31.672565    6.615174     1.930961   365.934138
   80    4.106540    4.116398   31.690230    6.606906     1.864143   209.909414
   81   24.898636   12.449318   18.897261    6.586227     1.898073   248.203915
   82    4.149773    8.299545   18.897261    6.583402     1.898073   229.358427
   83   24.898636    8.299545   23.047034    6.618333     1.935280    66.275658
   84    4.149773   12.449318   23.047034    6.619766     1.935280    66.045998
   85    0.128517   12.244892   27.198785    6.661244     1.763159    65.947191
   86    3.942011    8.504379   27.214060    6.671556     1.818190    65.757587
   87   24.889518    8.284580   31.647728    6.602329     1.921902   212.160618
   88    3.997576   12.406420   31.528273    6.576785     1.804513   105.673063
   89   24.898636   20.748863   18.897261    6.583039     1.898073   274.996714
   90    4.149773   16.599090   18.897261    6.582908     1.898073   235.273512
   91   24.898636   16.599090   23.047034    6.621652     1.935280    66.305033
   92    4.149773   20.748863   23.047034    6.617801     1.935280    66.070032
   93    0.186436   20.544643   27.201647    6.657451     1.753259    65.071277
   94    3.909553   16.806212   27.183527    6.663912     1.724831    65.167414
   95   24.870236   16.619792   31.629977    6.599925     1.908927   252.311094
   96    4.121832   20.736316   31.643163    6.605797     1.898804   269.135038
   97    8.299545    4.149773   18.897261    6.582131     1.898073   234.418963
   98   12.449318   24.898636   18.897261    6.585554     1.898073   255.424859
   99    8.299545   24.898636   23.047034    6.618045     1.935280    66.222249
  100   12.449318    4.149773   23.047034    6.620993     1.935280    66.430545
  101    8.500288    3.986532   27.216038    6.659270     1.814934    65.581337
  102   12.235118    0.207696   27.216354    6.670998     1.815758    65.685485
  103    8.292693    0.023115   31.675353    6.608804     1.867508   256.674638
  104   12.408869    4.075225   31.600159    6.578132     1.863359   126.422594
  105    8.299545   12.449318   18.897261    6.577906     1.898073   221.181456
  106   12.449318    8.299545   18.897261    6.583385     1.898073   227.224724
  107    8.299545    8.299545   23.047034    6.642110     1.936639    67.114185
  108   12.449318   12.449318   23.047034    6.641132     1.936632    67.231685
  109    8.471034   12.292444   27.293117    6.691802     1.872279    69.442832
  110   12.210369    8.518350   27.144936    6.648847     1.838131    65.482529
  111    8.289181    8.270651   31.556853    6.594024     1.907742   104.730388
  112   12.380515   12.508597   31.488552    6.615675     1.902729    84.154437
  113    8.299545   20.748863   18.897261    6.584070     1.898073   241.810816
  114   12.449318   16.599090   18.897261    6.583110     1.898073   225.147100
  115    8.299545   16.599090   23.047034    6.627610     1.935280    66.032646
  116   12.449318   20.748863   23.047034    6.619174     1.935280    66.112760
  117    8.487277   20.562651   27.191241    6.659247     1.739804    65.346335
  118   12.214277   16.786197   27.186396    6.653299     1.720596    65.148721
  119    8.315799   16.658081   31.404025    6.597395     1.898555   107.224604
  120   12.409180   20.780819   31.655054    6.613446     1.847957   207.495311
  121   16.599090    4.149773   18.897261    6.582257     1.898073   255.390143
  122   20.748863   24.898636   18.897261    6.583182     1.898073   290.162298
  123   16.599090   24.898636   23.047034    6.622428     1.935280    66.395829
  124   20.748863    4.149773   23.047034    6.619015     1.935280    66.126112
  125   16.794929    3.963856   27.194546    6.656439     1.802898    65.122016
  126   20.537901    0.189603   27.200994    6.663716     1.755806    65.303608
  127   16.617868   24.870352   31.675388    6.615656     1.908294   281.950611
  128   20.739863    4.120337   31.628513    6.600933     1.896265   252.719675
  129   16.599090   12.449318   18.897261    6.582945     1.898073   232.376055
  130   20.748863    8.299545   18.897261    6.586350     1.898073   259.433230
  131   16.599090    8.299545   23.047034    6.634431     1.935280    65.963213
  132   20.748863   12.449318   23.047034    6.636946     1.936617    66.777706
  133   16.738646   12.233083   27.194796    6.672834     1.858747    66.275658
  134   20.512136    8.482098   27.187526    6.645655     1.748708    65.314290
  135   16.687498    8.254485   31.272418    6.493641     1.825232    79.513165
  136   20.805437   12.415942   31.600820    6.592446     1.881246   126.377196
  137   16.599090   20.748863   18.897261    6.585172     1.898073   253.117575
  138   20.748863   16.599090   18.897261    6.582125     1.898073   259.625504
  139   16.599090   16.599090   23.047034    6.635030     1.936624    67.047423
  140   20.748863   20.748863   23.047034    6.616797     1.935280    66.123441
  141   16.781809   20.548747   27.216536    6.672958     1.814788    65.754917
  142   20.495173   16.790241   27.221299    6.672024     1.809345    65.394404
  143   16.618633   16.655403   31.702468    6.599787     1.880499   139.336974
  144   20.741923   20.735454   31.663382    6.608249     1.923216   311.574105
  145   13.703126    8.414723   36.001404    6.650281     1.870057   578.612826
  146    7.816236   12.669203   36.088477    7.045630     2.175754   508.221978
  147    8.201156    9.381401   42.969859    6.414387     1.665625  3545.448617
  148   10.136460   12.562054   43.608393    5.923285     1.699667  3078.701667
  149   12.736035   13.243938   40.945907    6.393826     1.642198  1658.039754
  150   16.399363   11.422748   36.039632    6.564451     1.871823   594.833245
  151   10.178496    9.857215   38.902366    2.128732     1.312055    37.100803
  152   12.195529   12.748131   35.555945    2.141749     1.309171    26.202625
 --------------------------------------------------------------------------------
    VACUUM CHARGE:               0.0000
    VACUUM VOLUME:               0.0000
    NUMBER OF ELECTRONS:      1338.0029
