    #         X           Y           Z       CHARGE      MIN DIST   ATOMIC VOL
 --------------------------------------------------------------------------------
    1   23.167240   23.167240   18.897261   11.523559     1.814201   292.811689
    2    3.861207   23.167240   22.758468   11.503954     1.844131    53.185446
    3   23.167240    3.861207   22.758468   11.501063     1.821806    53.104097
    4    3.861207    3.861207   18.897261   11.523150     1.814201   276.746655
    5    0.124584    0.042965   26.784307   11.588038     1.772117    54.133583
    6    3.776180    0.075072   30.266404   11.459525     1.739003    94.771640
    7    0.051972    3.805413   30.251222   11.481139     1.723214    95.287786
    8    3.769048    3.835978   26.780116   11.555309     1.767434    53.757695
    9   23.167240    7.722413   18.897261   11.523001     1.814201   280.132458
   10    3.861207    7.722413   22.758468   11.500656     1.804896    53.143369
   11   23.167240   11.583620   22.758468   11.499926     1.849655    53.154590
   12    3.861207   11.583620   18.897261   11.522060     1.814201   266.527531
   13    0.128717    7.776625   26.759973   11.592106     1.791071    54.394461
   14    3.652374    7.603750   30.248434   11.481990     1.720170    78.796371
   15    0.027216   11.590861   30.259394   11.424237     1.720400    88.016864
   16    3.850328   11.495417   26.808119   11.527508     1.771975    53.252770
   17   23.167240   15.444826   18.897261   11.522457     1.814201   280.239054
   18    3.861207   15.444826   22.758468   11.504673     1.838571    53.174226
   19   23.167240   19.306033   22.758468   11.506987     1.838574    53.120928
   20    3.861207   19.306033   18.897261   11.522419     1.814201   279.835114
   21    0.119257   15.531238   26.741552   11.540757     1.772896    53.578166
   22    3.825447   15.468577   30.264622   11.474909     1.735457    74.588661
   23   23.147659   19.355189   30.265425   11.458188     1.736535    99.245838
   24    3.742133   19.233542   26.742616   11.547338     1.786731    53.704397
   25    7.722413   23.167240   18.897261   11.522551     1.814201   284.278455
   26   11.583620   23.167240   22.758468   11.503021     1.799225    53.098487
   27    7.722413    3.861207   22.758468   11.477511     1.793530    52.778701
   28   11.583620    3.861207   18.897261   11.524325     1.814201   278.022993
   29    7.850725    0.087135   26.770860   11.566462     1.772196    53.847459
   30   11.597057    0.027442   30.254009   11.442740     1.724583    95.287786
   31    7.753261    3.668337   30.237834   11.487048     1.709144    91.394252
   32   11.444917    3.768774   26.762559   11.566276     1.766739    53.645489
   33    7.722413    7.722413   18.897261   11.523443     1.814201   265.966504
   34   11.583620    7.722413   22.758468   11.502872     1.838577    53.345339
   35    7.722413   11.583620   22.758468   11.530411     1.859105    53.886731
   36   11.583620   11.583620   18.897261   11.523279     1.814201   265.885154
   37    7.862466    7.903071   26.891468   11.486125     1.775791    52.837609
   38   11.760482    7.533957   30.259795   11.522345     1.731027    89.189413
   39    7.393770   11.877610   30.752149   11.450099     1.707068    57.777460
   40   11.375748   11.484279   26.902958   11.462660     1.761036    52.503797
   41    7.722413   15.444826   18.897261   11.521694     1.814201   266.188110
   42   11.583620   15.444826   22.758468   11.496381     1.799219    53.078851
   43    7.722413   19.306033   22.758468   11.500659     1.838580    53.148979
   44   11.583620   19.306033   18.897261   11.522716     1.814201   280.642994
   45    7.845750   15.416633   26.800049   11.572179     1.831759    54.085896
   46   11.697029   15.662972   30.241791   11.485134     1.713697    79.876349
   47    7.744065   19.281776   30.257607   11.433127     1.728217    87.938320
   48   11.474840   19.234788   26.760435   11.541692     1.769820    53.401442
   49   15.444826   23.167240   18.897261   11.522308     1.814201   298.001197
   50   19.306033   23.167240   22.758468   11.511090     1.821817    53.207887
   51   15.444826    3.861207   22.758468   11.506361     1.799219    53.137759
   52   19.306033    3.861207   18.897261   11.522326     1.814201   295.723424
   53   15.594163    0.110097   26.727026   11.571493     1.773373    53.897952
   54   19.367440   23.129296   30.262088   11.450045     1.733895   101.436652
   55   15.386808    3.915143   30.248430   11.484432     1.720560    98.350999
   56   19.163644    3.759810   26.730295   11.561481     1.757774    53.782941
   57   15.444826    7.722413   18.897261   11.524887     1.814201   279.302137
   58   19.306033    7.722413   22.758468   11.502403     1.821815    53.095682
   59   15.444826   11.583620   22.758468   11.495365     1.799219    53.067630
   60   19.306033   11.583620   18.897261   11.523091     1.814201   281.899696
   61   15.571239    7.828876   26.765244   11.571801     1.752838    53.833434
   62   19.259083    7.698632   30.256187   11.439693     1.727294    95.181191
   63   15.646376   11.580184   30.244522   11.491130     1.715827    90.883717
   64   19.172984   11.507485   26.771948   11.562128     1.783149    53.738059
   65   15.444826   15.444826   18.897261   11.523430     1.814201   277.450745
   66   19.306033   15.444826   22.758468   11.502421     1.821818    53.104097
   67   15.444826   19.306033   22.758468   11.500047     1.821812    53.084461
   68   19.306033   19.306033   18.897261   11.523280     1.814201   293.810319
   69   15.539105   15.480781   26.779844   11.557527     1.762802    53.827823
   70   19.228735   15.511377   30.262133   11.457300     1.734956    95.074596
   71   15.465698   19.240380   30.246774   11.476556     1.718461    94.928728
   72   19.213600   19.221278   26.770492   11.518474     1.767744    53.090072
   73   23.167240    3.861207   18.897261    6.484099     1.814201   309.645332
   74    3.861207   23.167240   18.897261    6.483821     1.814201   309.521906
   75   23.167240   23.167240   22.758468    6.450769     1.859077    62.837932
   76    3.861207    3.861207   22.758468    6.451347     1.859124    62.891229
   77   23.080393    3.887255   26.658630    6.536218     1.735007    61.870158
   78    3.952044   23.138830   26.668105    6.526140     1.725453    62.055298
   79   23.165432    0.001822   30.828588    6.508024     1.837860   479.892058
   80    3.906159    3.866159   30.854475    6.538218     1.768332   191.899598
   81   23.167240   11.583620   18.897261    6.482737     1.814201   299.490727
   82    3.861207    7.722413   18.897261    6.482105     1.814201   290.688199
   83   23.167240    7.722413   22.758468    6.456547     1.859077    62.846347
   84    3.861207   11.583620   22.758468    6.457525     1.859105    63.236261
   85   23.107531   11.626478   26.668197    6.537320     1.725904    62.860373
   86    3.975642    7.673931   26.656689    6.537103     1.736758    61.656968
   87   23.093884    7.681685   30.763537    6.487700     1.790402   250.644831
   88    3.737659   11.538522   30.731305    6.446465     1.697260   100.076159
   89   23.167240   19.306033   18.897261    6.483035     1.814201   308.899165
   90    3.861207   15.444826   18.897261    6.482432     1.814201   292.346036
   91   23.167240   15.444826   22.758468    6.460976     1.859077    62.809880
   92    3.861207   19.306033   22.758468    6.461423     1.859086    62.832321
   93   23.086488   19.358976   26.662616    6.533495     1.731844    61.194120
   94    3.950749   15.390221   26.666974    6.537310     1.727253    61.892600
   95   23.139903   15.481703   30.710262    6.477418     1.822525   248.995409
   96    3.845333   19.329240   30.707423    6.466776     1.843444   244.557678
   97    7.722413    3.861207   18.897261    6.482045     1.814201   296.085287
   98   11.583620   23.167240   18.897261    6.482639     1.814201   309.333961
   99    7.722413   23.167240   22.758468    6.455972     1.859077    62.877204
  100   11.583620    3.861207   22.758468    6.454798     1.859105    62.835126
  101    7.639317    3.944036   26.648855    6.568116     1.745745    62.563028
  102   11.689980   23.102585   26.656202    6.545441     1.737924    61.945897
  103    7.696719   23.095866   30.767828    6.494195     1.788241   253.778172
  104   11.568356    3.804132   30.841830    6.528005     1.773354   195.854845
  105    7.722413   11.583620   18.897261    6.480625     1.814201   285.796035
  106   11.583620    7.722413   18.897261    6.482362     1.814201   294.340490
  107    7.722413    7.722413   22.758468    6.465030     1.859114    63.861808
  108   11.583620   11.583620   22.758468    6.464120     1.859105    63.929131
  109    7.640283   11.641332   26.748377    6.498341     1.774825    62.161893
  110   11.678822    7.657884   26.671826    6.531705     1.722583    61.931872
  111    7.743240    7.669009   30.665620    6.635571     1.862483   109.537895
  112   11.624365   11.566584   30.657182    6.627506     1.853688   108.693548
  113    7.722413   19.306033   18.897261    6.483230     1.814201   297.628114
  114   11.583620   15.444826   18.897261    6.482393     1.814201   292.867792
  115    7.722413   15.444826   22.758468    6.453692     1.859095    63.045512
  116   11.583620   19.306033   22.758468    6.455813     1.859086    62.840737
  117    7.646684   19.338483   26.664256    6.523458     1.729890    62.383499
  118   11.668927   15.371357   26.656016    6.564394     1.738867    62.344227
  119    7.759317   15.547243   30.726871    6.463602     1.757114   101.007466
  120   11.620445   19.385058   30.783663    6.490770     1.791321   259.203312
  121   15.444826    3.861207   18.897261    6.482303     1.814201   310.153062
  122   19.306033   23.167240   18.897261    6.481458     1.814201   320.851864
  123   15.444826   23.167240   22.758468    6.465364     1.859077    62.779024
  124   19.306033    3.861207   22.758468    6.464645     1.859086    62.795854
  125   15.338157    3.943248   26.658257    6.515579     1.735728    61.182899
  126   19.412788   23.098134   26.665732    6.526544     1.728568    61.244612
  127   15.487723    0.003746   30.678347    6.453066     1.818538   398.590697
  128   19.293297    3.831656   30.690345    6.456301     1.829903   410.902455
  129   15.444826   11.583620   18.897261    6.481646     1.814201   297.529934
  130   19.306033    7.722413   18.897261    6.482666     1.814201   309.286274
  131   15.444826    7.722413   22.758468    6.453771     1.859095    62.829516
  132   19.306033   11.583620   22.758468    6.456623     1.859086    62.905255
  133   15.325440   11.635113   26.650596    6.529787     1.742858    61.715876
  134   19.402016    7.658146   26.659965    6.537871     1.734400    62.013221
  135   15.483017    7.750411   30.841266    6.527743     1.754588   196.393432
  136   19.386125   11.606855   30.777701    6.497522     1.789388   259.985946
  137   15.444826   19.306033   18.897261    6.484168     1.814201   308.413876
  138   19.306033   15.444826   18.897261    6.483669     1.814201   309.117966
  139   15.444826   15.444826   22.758468    6.451187     1.859095    62.882814
  140   19.306033   19.306033   22.758468    6.454191     1.859086    62.835126
  141   15.378763   19.357802   26.657453    6.560810     1.737110    62.492899
  142   19.380840   15.383698   26.662247    6.577811     1.732712    62.534977
  143   15.440562   15.398136   30.857466    6.540546     1.769829   193.955766
  144   19.299810   19.311102   30.790036    6.497316     1.854007   453.088949
  145    7.438725   11.809119   35.263372    7.239031     2.345275  2963.565441
  146   11.506150   11.789566   34.293235    2.138409     1.240522  1398.785653
  147    7.517097    7.741044   34.299567    2.139337     1.245225  1417.467883
 --------------------------------------------------------------------------------
    VACUUM CHARGE:               0.0000
    VACUUM VOLUME:               0.0000
    NUMBER OF ELECTRONS:      1308.0110
