    #         X           Y           Z       CHARGE      MIN DIST   ATOMIC VOL
 --------------------------------------------------------------------------------
    1   25.377692   25.377692   18.897261    9.229266     1.974080   299.178543
    2    4.229615   25.377692   23.126877    9.241008     1.973819    61.189846
    3   25.377692    4.229615   23.126877    9.242476     1.973819    61.253957
    4    4.229615    4.229615   18.897261    9.229436     1.974107   275.552216
    5    0.005627   25.374226   27.352683    9.235744     1.955816    60.384276
    6    4.227383   25.367158   31.485686    9.229144     1.961757   199.959676
    7    0.001347    4.218741   31.484700    9.230906     1.964020   199.619608
    8    4.231395    4.226893   27.350088    9.233455     1.958403    60.320165
    9   25.377692    8.459231   18.897261    9.229914     1.974080   278.587736
   10    4.229615    8.459231   23.126877    9.242419     1.973840    61.228870
   11   25.377692   12.688846   23.126877    9.241564     1.973819    61.200996
   12    4.229615   12.688846   18.897261    9.228092     1.974096   259.998310
   13   25.377405    8.466551   27.346727    9.232435     1.961775    60.272779
   14    4.168670    8.457264   31.463468    9.254955     1.940953    84.044053
   15    0.017878   12.702081   31.486228    9.228541     1.957097   137.468096
   16    4.277160   12.701644   27.392488    9.248114     1.916633    60.643508
   17   25.377692   16.918462   18.897261    9.228382     1.974080   279.783547
   18    4.229615   16.918462   23.126877    9.240072     1.973829    61.240020
   19   25.377692   21.148077   23.126877    9.242978     1.973819    61.304131
   20    4.229615   21.148077   18.897261    9.228425     1.974085   279.786334
   21    0.013738   16.917995   27.354854    9.233687     1.953682    60.328528
   22    4.217984   16.939841   31.518238    9.217185     1.929440    92.542952
   23    0.003167   21.152785   31.487721    9.229027     1.964172   256.416452
   24    4.235424   21.140580   27.354707    9.232861     1.953804    60.264417
   25    8.459231   25.377692   18.897261    9.228973     1.974080   282.713145
   26   12.688846   25.377692   23.126877    9.240851     1.973819    61.178696
   27    8.459231    4.229615   23.126877    9.238502     1.973840    61.120160
   28   12.688846    4.229615   18.897261    9.228877     1.974096   273.492299
   29    8.457570   25.358933   27.346798    9.234366     1.955092    60.155706
   30   12.696830   25.367963   31.487143    9.225675     1.961881   198.025193
   31    8.451969    4.175516   31.430460    9.272612     1.967398    88.671201
   32   12.690956    4.217117   27.346859    9.231012     1.961327    60.250479
   33    8.459231    8.459231   18.897261    9.228052     1.974101   257.478466
   34   12.688846    8.459231   23.126877    9.245445     1.973835    61.471377
   35    8.459231   12.688846   23.126877    9.241847     1.973835    61.044899
   36   12.688846   12.688846   18.897261    9.228015     1.974096   257.854770
   37    8.455361    8.515331   27.401358    9.251226     1.967889    61.515976
   38   12.751708    8.406961   31.449437    9.283221     1.921468    82.148595
   39    8.377033   12.786188   31.971467    9.221389     1.973122    67.233012
   40   12.637880   12.698114   27.401011    9.247846     1.952066    61.359880
   41    8.459231   16.918462   18.897261    9.228166     1.974090   260.001097
   42   12.688846   16.918462   23.126877    9.241267     1.973829    61.192634
   43    8.459231   21.148077   23.126877    9.240806     1.973824    61.153609
   44   12.688846   21.148077   18.897261    9.228531     1.974085   277.779379
   45    8.450883   16.878439   27.390222    9.245902     1.918701    60.534798
   46   12.698555   16.992153   31.454747    9.259597     1.952681    83.756947
   47    8.453448   21.139547   31.485749    9.229633     1.966222   134.914802
   48   12.686498   21.156550   27.344957    9.233487     1.962985    60.303441
   49   16.918462   25.377692   18.897261    9.229218     1.974080   299.242654
   50   21.148077   25.377692   23.126877    9.242681     1.973819    61.295769
   51   16.918462    4.229615   23.126877    9.241810     1.973829    61.214933
   52   21.148077    4.229615   18.897261    9.230829     1.974085   299.800142
   53   16.927427   25.375272   27.355055    9.233740     1.953455    60.303441
   54   21.159801   25.374208   31.488283    9.229119     1.963111   298.414785
   55   16.941046    4.214854   31.486108    9.237508     1.960307   188.720724
   56   21.156881    4.225529   27.355333    9.233860     1.953179    60.292291
   57   16.918462    8.459231   18.897261    9.228755     1.974090   273.929927
   58   21.148077    8.459231   23.126877    9.241422     1.973824    61.212146
   59   16.918462   12.688846   23.126877    9.239701     1.973829    61.156397
   60   21.148077   12.688846   18.897261    9.228894     1.974085   283.908956
   61   16.938290    8.459607   27.344365    9.230545     1.953968    60.247692
   62   21.167011    8.458110   31.487514    9.227103     1.954328   199.226579
   63   16.987293   12.704913   31.415356    9.285456     1.967907    88.372945
   64   21.175634   12.695413   27.344097    9.242359     1.962310    60.267204
   65   16.918462   16.918462   18.897261    9.229482     1.974090   274.495777
   66   21.148077   16.918462   23.126877    9.241244     1.973824    61.189846
   67   16.918462   21.148077   23.126877    9.242015     1.973824    61.223295
   68   21.148077   21.148077   18.897261    9.230476     1.974085   299.379238
   69   16.929216   16.925779   27.346602    9.231963     1.961929    60.244905
   70   21.167722   16.928861   31.485930    9.227773     1.955297   198.248189
   71   16.937539   21.155857   31.485037    9.236467     1.964214   197.860735
   72   21.157686   21.148501   27.352542    9.236299     1.955970    60.414938
   73   25.377692    4.229615   18.897261    6.770478     1.997307   441.845211
   74    4.229615   25.377692   18.897261    6.772248     1.997307   441.092603
   75   25.377692   25.377692   23.126877    6.757246     2.092077    90.151330
   76    4.229615    4.229615   23.126877    6.760297     2.092077    90.340876
   77    0.003777    4.229078   27.370431    6.744515     1.938061    88.537404
   78    4.231592    0.000096   27.372534    6.743436     1.935955    88.361795
   79    0.002778   25.377612   31.512382    6.777951     2.063664   435.863369
   80    4.221188    4.219672   31.513399    6.783777     2.064720   245.509205
   81   25.377692   12.688846   18.897261    6.773839     1.997307   426.924054
   82    4.229615    8.459231   18.897261    6.772282     1.997307   415.202876
   83   25.377692    8.459231   23.126877    6.758501     2.092077    90.173630
   84    4.229615   12.688846   23.126877    6.761140     2.092077    90.856552
   85   25.374838   12.689207   27.364167    6.741852     1.944323    88.844022
   86    4.246262    8.459005   27.393371    6.739795     1.915189    88.754824
   87    0.002171    8.452106   31.507197    6.763104     1.972173   298.476108
   88    4.181135   12.699691   31.477217    6.746083     2.023374   154.538368
   89   25.377692   21.148077   18.897261    6.770577     1.997307   445.304422
   90    4.229615   16.918462   18.897261    6.774646     1.997307   417.519237
   91   25.377692   16.918462   23.126877    6.759500     2.092077    90.324151
   92    4.229615   21.148077   23.126877    6.759322     2.092077    90.315789
   93    0.002788   21.150883   27.371006    6.744914     1.937486    88.414756
   94    4.230657   16.923426   27.379070    6.763851     2.069656    89.092104
   95    0.002602   16.931024   31.512407    6.782595     2.063727   321.347040
   96    4.226010   21.155678   31.512034    6.774316     1.981856   319.161688
   97    8.459231    4.229615   18.897261    6.773814     1.997307   423.698988
   98   12.688846   25.377692   18.897261    6.772370     1.997307   441.078666
   99    8.459231   25.377692   23.126877    6.760462     2.092077    90.215441
  100   12.688846    4.229615   23.126877    6.758267     2.092077    90.176417
  101    8.464252    4.230131   27.369425    6.731384     1.939070    88.425906
  102   12.695385    0.001470   27.374830    6.749146     1.933670    88.601515
  103    8.466310   25.371990   31.510004    6.769572     1.979950   315.875298
  104   12.707390    4.227586   31.511707    6.769636     1.976344   238.342701
  105    8.459231   12.688846   18.897261    6.778064     1.997307   408.248217
  106   12.688846    8.459231   18.897261    6.770330     1.997307   411.816138
  107    8.459231    8.459231   23.126877    6.756034     2.092077    90.680944
  108   12.688846   12.688846   23.126877    6.756465     2.092077    90.700456
  109    8.486474   12.665988   27.355780    6.736337     1.946727    91.915779
  110   12.679306    8.472339   27.413266    6.736573     1.895291    89.133915
  111    8.443692    8.344163   31.695985    6.869220     1.999811   154.212238
  112   12.820887   12.715984   31.667051    6.866754     1.983096   149.337008
  113    8.459231   21.148077   18.897261    6.775118     1.997307   427.116387
  114   12.688846   16.918462   18.897261    6.772374     1.997307   414.425180
  115    8.459231   16.918462   23.126877    6.761136     2.092077    90.825890
  116   12.688846   21.148077   23.126877    6.758266     2.092077    90.126243
  117    8.463688   21.159376   27.363476    6.749201     1.945050    89.008481
  118   12.696007   16.913240   27.387989    6.740364     1.920519    88.788273
  119    8.458037   16.981903   31.470343    6.741733     2.022619   152.308418
  120   12.705622   21.157950   31.504624    6.762727     1.984360   295.624559
  121   16.918462    4.229615   18.897261    6.768954     1.997307   440.847308
  122   21.148077   25.377692   18.897261    6.770482     1.997307   452.844443
  123   16.918462   25.377692   23.126877    6.757066     2.092077    90.165268
  124   21.148077    4.229615   23.126877    6.758679     2.092077    90.268403
  125   16.923862    4.230843   27.371891    6.747131     1.936605    88.774336
  126   21.152917    0.000774   27.373000    6.745220     1.935494    88.400819
  127   16.929911    0.001841   31.513627    6.784187     2.064940   437.730952
  128   21.156333    4.227447   31.513205    6.771481     1.982486   438.065445
  129   16.918462   12.688846   18.897261    6.773984     1.997307   423.523379
  130   21.148077    8.459231   18.897261    6.770902     1.997307   440.641038
  131   16.918462    8.459231   23.126877    6.758675     2.092077    90.170842
  132   21.148077   12.688846   23.126877    6.757153     2.092077    89.970147
  133   16.931009   12.689562   27.362232    6.735253     1.946297    88.654476
  134   21.153617    8.457239   27.375031    6.746480     1.933466    88.445418
  135   16.930915    8.451609   31.513156    6.767070     1.986691   237.849325
  136   21.167617   12.690636   31.507379    6.766171     1.993890   313.804232
  137   16.918462   21.148077   18.897261    6.770541     1.997307   442.093293
  138   21.148077   16.918462   18.897261    6.771135     1.997307   440.707936
  139   16.918462   16.918462   23.126877    6.761123     2.092077    90.335301
  140   21.148077   21.148077   23.126877    6.757130     2.092077    90.134606
  141   16.925817   21.150849   27.370040    6.745790     1.938464    88.598727
  142   21.154585   16.922642   27.372227    6.744745     1.936277    88.434268
  143   16.938673   16.936310   31.513841    6.773706     1.992160   244.734298
  144   21.157850   21.154653   31.511885    6.773815     1.984039   436.696813
  145    8.787741   12.461183   36.797526    7.649387     2.566029  3828.850370
  146   12.627447   12.744253   35.364854    2.149461     1.209032  1228.111877
  147    8.450049    8.604894   35.416731    2.149333     1.198967  1287.609748
 --------------------------------------------------------------------------------
    VACUUM CHARGE:               0.0000
    VACUUM VOLUME:               0.0000
    NUMBER OF ELECTRONS:      1164.0008
