    #         X           Y           Z       CHARGE      MIN DIST   ATOMIC VOL
 --------------------------------------------------------------------------------
    1   23.167240   23.167240   18.897261   11.520603     1.814201   276.996312
    2    3.861207   23.167240   22.758468   11.503718     1.821817    53.129344
    3   23.167240    3.861207   22.758468   11.499227     1.859077    53.320093
    4    3.861207    3.861207   18.897261   11.522191     1.814201   264.729437
    5   23.100817   23.095573   26.756250   11.527199     1.784026    53.468765
    6    3.858307   23.155254   30.266001   11.454301     1.736349    93.641169
    7    0.026434    3.834588   30.279419   11.446157     1.743053    82.215836
    8    3.944856    3.946512   26.797155   11.499384     1.775521    52.991892
    9   23.167240    7.722413   18.897261   11.522325     1.814201   265.848688
   10    3.861207    7.722413   22.758468   11.499988     1.859114    53.432299
   11   23.167240   11.583620   22.758468   11.502755     1.859077    53.292042
   12    3.861207   11.583620   18.897261   11.522759     1.814201   257.643654
   13   23.025495    7.716380   26.840942   11.551489     1.825926    53.878316
   14    3.796125    7.616278   30.293229   11.421507     1.749275    74.970160
   15    0.117444   11.676539   30.282400   11.439666     1.742646    78.700996
   16    4.047448   11.670264   26.829157   11.530218     1.773855    53.373391
   17   23.167240   15.444826   18.897261   11.522042     1.814201   276.903743
   18    3.861207   15.444826   22.758468   11.482439     1.793530    52.876881
   19   23.167240   19.306033   22.758468   11.502265     1.821811    53.115318
   20    3.861207   19.306033   18.897261   11.521589     1.814201   277.484407
   21   23.088264   15.368010   26.779583   11.507158     1.781606    53.118123
   22    3.723091   15.525048   30.245825   11.470895     1.717286    74.796242
   23    0.035814   19.287293   30.263306   11.448733     1.734082    94.690291
   24    3.933747   19.420487   26.766284   11.548394     1.782378    53.589386
   25    7.722413   23.167240   18.897261   11.522374     1.814201   262.681685
   26   11.583620   23.167240   22.758468   11.499876     1.859077    53.435104
   27    7.722413    3.861207   22.758468   11.501586     1.859114    53.286431
   28   11.583620    3.861207   18.897261   11.522915     1.814201   251.194639
   29    7.662623   23.106591   26.793178   11.532347     1.778418    53.454740
   30   11.557002   23.138073   30.282051   11.427920     1.745793    76.181981
   31    7.598083    3.720642   30.306266   11.485210     1.734769    66.579988
   32   11.643257    4.074142   26.872876   11.497200     1.777114    52.506603
   33    7.722413    7.722413   18.897261   11.522984     1.814201   251.267572
   34   11.583620    7.722413   22.758468   11.480625     1.793530    52.955425
   35    7.722413   11.583620   22.758468   11.480252     1.793530    52.885296
   36   11.583620   11.583620   18.897261   11.523124     1.814201   253.147016
   37    7.824119    7.670121   26.890522   11.433765     1.758208    51.603348
   38   11.357441    7.495636   30.442175   11.481158     1.776340    58.355319
   39    7.611303   11.829713   30.446944   11.441137     1.748434    56.778830
   40   11.720232   11.735713   27.000102   11.478568     1.731157    51.858615
   41    7.722413   15.444826   18.897261   11.521555     1.814201   259.380036
   42   11.583620   15.444826   22.758468   11.506997     1.859095    53.376196
   43    7.722413   19.306033   22.758468   11.494257     1.804895    53.059215
   44   11.583620   19.306033   18.897261   11.521219     1.814201   266.620101
   45    7.634410   15.237695   26.782417   11.500785     1.749321    52.447695
   46   11.783505   15.516988   30.562693   11.478538     1.788051    57.236068
   47    7.639097   19.357994   30.260602   11.410485     1.732712    74.027633
   48   11.650214   19.254748   26.812452   11.518164     1.784617    53.620243
   49   15.444826   23.167240   18.897261   11.522069     1.814201   257.438879
   50   19.306033   23.167240   22.758468   11.499587     1.838577    53.163005
   51   15.444826    3.861207   22.758468   11.481134     1.793530    52.963840
   52   19.306033    3.861207   18.897261   11.523055     1.814201   257.890507
   53   15.420517   23.153541   26.840585   11.545060     1.826487    53.973691
   54   19.338921   23.109059   30.277054   11.465345     1.748637    75.811702
   55   15.610095    3.726285   30.466711   11.480668     1.768922    57.224847
   56   19.231690    4.017113   26.902284   11.528237     1.757993    53.314483
   57   15.444826    7.722413   18.897261   11.520693     1.814201   250.675688
   58   19.306033    7.722413   22.758468   11.484212     1.793530    52.907737
   59   15.444826   11.583620   22.758468   11.493842     1.804898    53.219108
   60   19.306033   11.583620   18.897261   11.520544     1.814201   266.516311
   61   15.306195    7.650233   26.898199   11.418859     1.721952    50.946945
   62   19.501407    7.751745   30.463300   11.481981     1.797443    56.776025
   63   15.514740   11.657317   30.521322   11.468818     1.788013    57.275340
   64   19.325958   11.527150   26.801716   11.535186     1.803558    53.381806
   65   15.444826   15.444826   18.897261   11.523410     1.814201   268.160123
   66   19.306033   15.444826   22.758468   11.502719     1.859086    53.421078
   67   15.444826   19.306033   22.758468   11.503629     1.859086    53.418273
   68   19.306033   19.306033   18.897261   11.521446     1.814201   273.498303
   69   15.283482   15.289705   26.926330   11.581096     1.759690    54.136389
   70   19.274322   15.532265   30.291539   11.422573     1.763006    75.865000
   71   15.502563   19.340276   30.301131   11.469829     1.772704    80.529947
   72   19.347409   19.388718   26.786088   11.545489     1.777386    53.878316
   73   23.167240    3.861207   18.897261    6.482414     1.814201   293.097813
   74    3.861207   23.167240   18.897261    6.483920     1.814201   297.782397
   75   23.167240   23.167240   22.758468    6.456874     1.859077    62.891229
   76    3.861207    3.861207   22.758468    6.452646     1.859124    63.107225
   77   23.163100    3.851013   26.681236    6.526130     1.711334    63.668253
   78    3.810185    0.080436   26.658151    6.562607     1.736261    62.117011
   79    0.011607   23.148486   30.745514    6.479793     1.840453   244.891490
   80    3.826257    3.817865   30.817507    6.503595     1.782738   184.488419
   81   23.167240   11.583620   18.897261    6.482390     1.814201   290.230961
   82    3.861207    7.722413   18.897261    6.482139     1.814201   278.903807
   83   23.167240    7.722413   22.758468    6.474079     1.859077    63.825341
   84    3.861207   11.583620   22.758468    6.471092     1.859105    63.620566
   85    0.080708   11.550472   26.676934    6.512768     1.717051    62.400330
   86    3.849162    7.778028   26.690759    6.544620     1.702726    64.100244
   87    0.081239    7.750578   30.802968    6.492802     1.779049   120.475134
   88    3.848189   11.629179   30.762831    6.484063     1.802030   116.427318
   89   23.167240   19.306033   18.897261    6.484153     1.814201   306.646638
   90    3.861207   15.444826   18.897261    6.483308     1.814201   286.934922
   91   23.167240   15.444826   22.758468    6.452161     1.859077    62.944527
   92    3.861207   19.306033   22.758468    6.453282     1.859086    62.815490
   93    0.038361   19.249179   26.659022    6.576532     1.734870    62.664013
   94    3.798931   15.517664   26.649650    6.581563     1.745409    62.431186
   95   23.111993   15.470297   30.798947    6.487056     1.773154   219.619987
   96    3.832943   19.332882   30.784694    6.498162     1.832023   244.414616
   97    7.722413    3.861207   18.897261    6.482373     1.814201   276.943015
   98   11.583620   23.167240   18.897261    6.482781     1.814201   279.689246
   99    7.722413   23.167240   22.758468    6.454264     1.859077    63.104420
  100   11.583620    3.861207   22.758468    6.468142     1.859105    63.873028
  101    7.775250    3.807077   26.670670    6.577098     1.723524    62.966968
  102   11.554502    0.047123   26.686006    6.471467     1.707427    62.995019
  103    7.707620   23.134305   30.808237    6.491987     1.751163   177.124928
  104   11.588487    3.738243   30.666344    6.481521     1.804152    83.259348
  105    7.722413   11.583620   18.897261    6.479601     1.814201   274.107019
  106   11.583620    7.722413   18.897261    6.478598     1.814201   272.250016
  107    7.722413    7.722413   22.758468    6.455185     1.859114    63.592514
  108   11.583620   11.583620   22.758468    6.441954     1.859105    63.945962
  109    7.835704   11.479494   26.641101    6.577790     1.820768    62.947332
  110   11.570074    7.864247   26.635123    6.570316     1.747448    61.971143
  111    7.572579    7.718474   30.674405    6.481406     1.852935    83.197635
  112   11.565387   11.547212   30.626167    6.384516     1.685478    76.726178
  113    7.722413   19.306033   18.897261    6.481844     1.814201   291.644751
  114   11.583620   15.444826   18.897261    6.480302     1.814201   283.610831
  115    7.722413   15.444826   22.758468    6.457775     1.859095    63.028681
  116   11.583620   19.306033   22.758468    6.458915     1.859086    63.401765
  117    7.763779   19.229346   26.654854    6.556764     1.739435    63.098810
  118   11.505644   15.475545   26.679824    6.528970     1.749261    62.417161
  119    7.674083   15.574931   30.546299    6.449744     1.791926    81.800675
  120   11.578540   19.356119   30.722606    6.459460     1.809073   110.859116
  121   15.444826    3.861207   18.897261    6.481546     1.814201   271.652521
  122   19.306033   23.167240   18.897261    6.482047     1.814201   286.741367
  123   15.444826   23.167240   22.758468    6.474409     1.859077    63.825341
  124   19.306033    3.861207   22.758468    6.455445     1.859086    63.729966
  125   15.431390    3.823084   26.652400    6.593326     1.821529    63.373713
  126   19.273036    0.088274   26.665771    6.537620     1.727946    62.203970
  127   15.452775   23.092664   30.790810    6.472407     1.785729   116.640509
  128   19.410314    3.829045   30.759280    6.439952     1.782212    91.284852
  129   15.444826   11.583620   18.897261    6.480275     1.814201   281.271345
  130   19.306033    7.722413   18.897261    6.481272     1.814201   280.581281
  131   15.444826    7.722413   22.758468    6.459547     1.859095    63.721551
  132   19.306033   11.583620   22.758468    6.459656     1.859086    63.283949
  133   15.488350   11.521425   26.658767    6.516322     1.761373    62.290929
  134   19.210869    7.748489   26.638434    6.543130     1.743050    61.971143
  135   15.431788    7.694966   30.469035    6.356022     1.665293    73.110353
  136   19.398406   11.636377   30.572606    6.453366     1.770098    84.967678
  137   15.444826   19.306033   18.897261    6.482623     1.814201   289.975693
  138   19.306033   15.444826   18.897261    6.482962     1.814201   295.224109
  139   15.444826   15.444826   22.758468    6.451657     1.859095    63.859002
  140   19.306033   19.306033   22.758468    6.454257     1.859086    63.056732
  141   15.482299   19.242832   26.688455    6.502464     1.705663    62.470458
  142   19.222696   15.462899   26.687142    6.521878     1.706529    63.427011
  143   15.530086   15.517371   30.854785    6.463377     1.775295    99.038258
  144   19.349206   19.333970   30.799064    6.487692     1.817731   226.944207
  145   18.662319    8.197514   35.014974    6.178916     1.790088   781.012570
  146   16.046728   10.967774   35.111382    6.248425     1.669472   894.864770
  147   11.187842   15.193556   35.142002    6.337239     1.666226  1088.584904
  148    8.165502   12.772669   35.077080    6.079078     1.776591   585.107233
  149    8.606821    9.383339   37.049902    6.037276     1.747885  2168.729143
  150   10.234391    6.453506   34.915417    6.101666     1.789132   227.788554
  151   13.314807    5.083153   37.247840    6.008236     1.685527  2321.707430
  152   16.317241    4.248476   35.085009    6.136717     1.666856   648.480946
 --------------------------------------------------------------------------------
    VACUUM CHARGE:               0.0000
    VACUUM VOLUME:               0.0000
    NUMBER OF ELECTRONS:      1344.0112
