    #         X           Y           Z       CHARGE      MIN DIST   ATOMIC VOL
 --------------------------------------------------------------------------------
    1   23.674900   23.674900   18.897261   11.485696     1.841362   282.368456
    2    3.945818   23.674900   22.843080   11.464420     1.841836    56.097814
    3   23.674900    3.945818   22.843080   11.458015     1.841836    56.498495
    4    3.945818    3.945818   18.897261   11.497491     1.841394   267.698262
    5   23.674900    3.945818   18.897261    6.511427     1.920656   306.502370
    6    3.945818   23.674900   18.897261    6.522487     1.920656   305.963358
    7   23.674900   23.674900   22.843080    6.527362     1.887296    68.843306
    8    3.945818    3.945818   22.843080    6.542597     1.887296    70.000035
    9   23.655536    0.105439   26.879985   11.505686     1.822245    57.388104
   10    3.975564    0.043498   30.616007   11.419531     1.798151    83.420485
   11    0.007434    4.035950   30.840189   11.452204     1.834892    88.989483
   12    4.003003    4.176591   26.986570   11.396368     1.743421    54.852839
   13   23.654327    4.058882   26.994438    6.512509     1.819974    70.131211
   14    3.972489    0.056802   26.885357    6.506241     1.792078    69.651824
   15    0.055395    0.004203   30.877277    6.512793     1.917521   207.250190
   16    3.917556    3.952599   30.831930    6.498860     1.862082    90.005497
   17   23.674900    7.891637   18.897261   11.477687     1.841362   268.711891
   18    3.945818    7.891637   22.843080   11.446515     1.841859    55.835463
   19   23.674900   11.837455   22.843080   11.475136     1.841836    57.104288
   20    3.945818   11.837455   18.897261   11.495040     1.841377   273.071688
   21   23.674900   11.837455   18.897261    6.515606     1.920656   307.036612
   22    3.945818    7.891637   18.897261    6.511954     1.920656   296.552109
   23   23.674900    7.891637   22.843080    6.501286     1.887296    69.964260
   24    3.945818   11.837455   22.843080    6.507476     1.887296    69.821160
   25   23.674593    7.991491   27.148436   11.384401     1.803912    55.248750
   26    4.047550    7.908837   31.657744   11.441745     1.825136    68.700205
   27   23.658733   11.847653   31.151606   11.414351     1.825291    89.375854
   28    4.050187   11.719587   27.105512   11.444288     1.776124    56.269534
   29    0.020086   11.810092   26.992009    6.494894     1.814398    70.868179
   30    3.981792    7.946399   26.854835    6.525819     1.787200    72.962218
   31    0.027775    7.918880   30.930691    6.485885     1.841165    91.772789
   32    4.000012   11.838026   30.977378    6.503644     1.842075   102.524413
   33   23.674900   15.783274   18.897261   11.487304     1.841362   279.515985
   34    3.945818   15.783274   22.843080   11.476064     1.841842    56.684526
   35   23.674900   19.729092   22.843080   11.467262     1.841834    56.193214
   36    3.945818   19.729092   18.897261   11.490450     1.841360   280.594009
   37   23.674900   19.729092   18.897261    6.522672     1.920656   324.573588
   38    3.945818   15.783274   18.897261    6.525362     1.920656   310.969493
   39   23.674900   15.783274   22.843080    6.509465     1.887296    68.509404
   40    3.945818   19.729092   22.843080    6.519393     1.887296    68.740750
   41   23.653206   15.672023   26.912236   11.467598     1.820055    56.615361
   42    4.042514   15.691383   30.727512   11.458712     1.776227    89.008563
   43   23.645694   19.691605   30.591413   11.413455     1.777844   129.269912
   44    4.016005   19.680598   26.904852   11.516617     1.890939    57.187763
   45   23.666902   19.723796   26.891552    6.496902     1.784810    69.534959
   46    4.001866   15.714685   26.941340    6.517653     1.874760    70.128826
   47    0.022968   15.805218   30.927757    6.525144     1.950593   188.854610
   48    3.956909   19.704043   30.850521    6.494760     1.898648   193.166708
   49    7.891637   23.674900   18.897261   11.495117     1.841362   261.335056
   50   11.837455   23.674900   22.843080   11.475382     1.841836    56.591511
   51    7.891637    3.945818   22.843080   11.446812     1.841859    55.625582
   52   11.837455    3.945818   18.897261   11.491897     1.841377   257.855326
   53    7.891637    3.945818   18.897261    6.512980     1.920656   291.641374
   54   11.837455   23.674900   18.897261    6.527264     1.920656   296.077492
   55    7.891637   23.674900   22.843080    6.515866     1.887296    68.907701
   56   11.837455    3.945818   22.843080    6.532873     1.887296    69.835470
   57    7.936239    0.154137   26.935550   11.464748     1.813272    56.112124
   58   11.842333    0.086380   30.687580   11.437233     1.814852    78.886582
   59    7.883656    3.965780   31.285277   11.449904     1.831174    62.174819
   60   11.861088    4.170083   27.007709   11.363593     1.748850    53.858290
   61    7.903874    4.078190   26.857772    6.528692     1.853819    71.798333
   62   11.852715    0.053659   26.924890    6.493765     1.752334    69.451483
   63    7.907191   23.663472   30.841792    6.512334     1.889820   109.390856
   64   11.790410    3.971537   30.732927    6.448803     1.781663    78.156769
   65    7.891637    7.891637   18.897261   11.479119     1.841385   260.037610
   66   11.837455    7.891637   22.843080   11.456589     1.841851    56.233759
   67    7.891637   11.837455   22.843080   11.446358     1.841851    55.861698
   68   11.837455   11.837455   18.897261   11.492683     1.841377   269.014787
   69    7.891637   11.837455   18.897261    6.508647     1.920656   299.053984
   70   11.837455    7.891637   18.897261    6.506339     1.920656   289.203894
   71    7.891637    7.891637   22.843080    6.492620     1.887296    69.985725
   72   11.837455   11.837455   22.843080    6.511102     1.887296    70.708383
   73    7.963334    7.984150   27.200712   11.388397     1.752813    54.991169
   74   11.876965    7.907033   31.686872   11.450685     1.809260    69.797310
   75    7.967590   11.869192   31.648125   11.432971     1.812088    63.038192
   76   11.891757   11.747791   27.221283   11.408685     1.772815    55.060335
   77    7.967076   11.783124   26.884241    6.499565     1.787951    72.294415
   78   11.863351    7.920416   26.868649    6.507036     1.812833    71.881808
   79    7.951131    7.947190   30.937401    6.492515     1.849257    81.040245
   80   11.899999   11.811934   30.995917    6.472984     1.769403    81.393227
   81    7.891637   15.783274   18.897261   11.492395     1.841368   269.427394
   82   11.837455   15.783274   22.843080   11.441471     1.841842    55.482481
   83    7.891637   19.729092   22.843080   11.480761     1.841834    56.851477
   84   11.837455   19.729092   18.897261   11.486963     1.841360   269.074412
   85    7.891637   19.729092   18.897261    6.523644     1.920656   307.003222
   86   11.837455   15.783274   18.897261    6.516228     1.920656   302.226047
   87    7.891637   15.783274   22.843080    6.533423     1.887296    69.771074
   88   11.837455   19.729092   22.843080    6.533675     1.887296    69.711449
   89    8.066561   15.620106   26.987081   11.376886     1.798579    54.425922
   90   11.858100   15.743864   31.581988   11.442183     1.821164    65.241941
   91    7.919897   19.699671   30.851022   11.440605     1.813607    92.171086
   92   11.843092   19.649895   26.994335   11.423919     1.820630    55.718597
   93    7.944428   19.725689   26.937257    6.500236     1.877692    70.694073
   94   11.869695   15.709362   26.841890    6.494959     1.810523    71.769713
   95    7.950629   15.753479   30.785809    6.457313     1.834930    85.459668
   96   11.861442   19.745290   30.876840    6.520189     1.924988   114.594947
   97   15.783274   23.674900   18.897261   11.495213     1.841362   267.948688
   98   19.729092   23.674900   22.843080   11.477881     1.841834    57.085208
   99   15.783274    3.945818   22.843080   11.444257     1.841842    55.561187
  100   19.729092    3.945818   18.897261   11.498195     1.841360   273.262489
  101   15.783274    3.945818   18.897261    6.510545     1.920656   295.478855
  102   19.729092   23.674900   18.897261    6.518658     1.920656   312.987211
  103   15.783274   23.674900   22.843080    6.536144     1.887296    70.057276
  104   19.729092    3.945818   22.843080    6.505119     1.887296    70.207531
  105   15.803257    0.217658   27.010417   11.435376     1.812189    56.135974
  106   19.746657    0.089047   30.928175   11.436760     1.824845   160.337049
  107   15.619293    4.050926   31.688271   11.489219     1.812133    88.686587
  108   19.639097    4.132214   27.148518   11.434950     1.787020    56.634441
  109   15.780557    4.063258   26.852480    6.500935     1.827574    72.583001
  110   19.709751    0.091266   27.005515    6.538524     1.932810    71.023205
  111   15.723674    0.027332   30.953104    6.533834     1.864319   143.916257
  112   19.718188    4.000619   31.078809    6.520637     1.879677   122.494099
  113   15.783274    7.891637   18.897261   11.480692     1.841368   263.949026
  114   19.729092    7.891637   22.843080   11.454478     1.841834    56.126434
  115   15.783274   11.837455   22.843080   11.445879     1.841842    55.647047
  116   19.729092   11.837455   18.897261   11.490717     1.841360   267.166404
  117   15.783274   11.837455   18.897261    6.506653     1.920656   300.542230
  118   19.729092    7.891637   18.897261    6.512846     1.920656   301.403219
  119   15.783274    7.891637   22.843080    6.483516     1.887296    69.532574
  120   19.729092   11.837455   22.843080    6.524389     1.887296    69.620819
  121   15.777508    7.939594   27.182945   11.399691     1.769785    55.279755
  122   19.736361    7.923919   31.604126   11.440300     1.817106    64.934275
  123   15.839400   11.828734   31.644117   11.432448     1.797600    63.262383
  124   19.635299   11.741770   27.022227   11.413431     1.781705    54.881459
  125   15.757045   11.797817   26.863093    6.501926     1.866899    71.724397
  126   19.716082    7.937126   26.868683    6.512859     1.795985    72.184704
  127   15.810277    7.942784   30.916834    6.470506     1.827813    76.833088
  128   19.710332   11.833921   30.731216    6.472924     1.779248    79.418439
  129   15.783274   15.783274   18.897261   11.493973     1.841368   271.752778
  130   19.729092   15.783274   22.843080   11.488547     1.841834    57.228308
  131   15.783274   19.729092   22.843080   11.468865     1.841834    56.641596
  132   19.729092   19.729092   18.897261   11.487391     1.841360   283.365390
  133   15.783274   19.729092   18.897261    6.522806     1.920656   311.840022
  134   19.729092   15.783274   18.897261    6.521720     1.920656   310.485336
  135   15.783274   15.783274   22.843080    6.519854     1.887296    69.935640
  136   19.729092   19.729092   22.843080    6.518822     1.887296    68.974481
  137   15.695942   15.626738   27.063745   11.448615     1.770191    56.202754
  138   19.677307   15.769738   30.923550   11.432992     1.829075    89.332924
  139   15.747873   19.730463   30.719624   11.398190     1.767908    98.104990
  140   19.683188   19.741111   26.927128   11.472113     1.796073    56.620131
  141   15.773155   19.753187   26.946671    6.534839     1.867715    70.756084
  142   19.687919   15.757656   26.967615    6.537072     1.932707    71.163920
  143   15.748604   15.793574   30.923680    6.485853     1.834099    98.455586
  144   19.709435   19.762835   30.925442    6.515004     1.895353   227.141171
  145   19.754127    9.070132   35.842158    6.372726     1.790246  1224.473533
  146   16.940988   11.728252   35.878307    6.341106     1.803822  1247.734533
  147   11.120920   15.364550   35.895752    6.372194     1.802265  1197.453758
  148    8.447915   12.580181   35.922049    6.310681     1.780019  1092.010093
  149    4.846856    7.120752   36.147789    6.428077     1.711135  1144.704498
  150    7.152194    3.955744   35.772458    6.153881     1.812235   622.871525
  151   10.770367    3.995419   37.429584    6.061454     1.800710  2358.908178
  152   13.595858    6.045947   35.583124    6.456738     1.719629   327.743266
 --------------------------------------------------------------------------------
    VACUUM CHARGE:               0.0000
    VACUUM VOLUME:               0.0000
    NUMBER OF ELECTRONS:      1343.9997
