    #         X           Y           Z       CHARGE      MIN DIST   ATOMIC VOL
 --------------------------------------------------------------------------------
    1   23.889444   23.889444   18.897261   10.313383     1.858306   275.091506
    2    3.981574   23.889444   22.878835   10.322219     1.858902    54.889316
    3   23.889444    3.981574   22.878835   10.322657     1.858902    54.830908
    4    3.981574    3.981574   18.897261   10.312835     1.858326   270.815523
    5    0.004175   23.878202   26.848245   10.332095     1.840419    54.955025
    6    3.988114   23.878670   30.660477   10.270996     1.784036   117.778152
    7   23.877075    3.968324   30.657725   10.268455     1.781332   119.301639
    8    3.985610    3.973749   26.844945   10.334819     1.837101    55.001265
    9   23.889444    7.963148   18.897261   10.311165     1.858306   268.243119
   10    3.981574    7.963148   22.878835   10.308664     1.852700    54.670284
   11   23.889444   11.944722   22.878835   10.310448     1.852700    54.621611
   12    3.981574   11.944722   18.897261   10.314103     1.858318   248.710368
   13    0.001365    7.956481   26.835678   10.349456     1.851678    55.195960
   14    3.948548    7.941273   30.646614   10.295744     1.770572    74.684904
   15   23.863159   11.944482   30.635201   10.245364     1.758912    80.705839
   16    4.010048   11.946704   26.820761   10.348582     1.856366    54.563202
   17   23.889444   15.926296   18.897261   10.313182     1.858306   263.492567
   18    3.981574   15.926296   22.878835   10.330008     1.858911    54.955025
   19   23.889444   19.907870   22.878835   10.325589     1.858902    54.972061
   20    3.981574   19.907870   18.897261   10.314015     1.858310   256.038192
   21    0.008750   15.931775   26.845468   10.329831     1.837632    54.969628
   22    3.986569   15.909465   30.731949   10.270642     1.854092    69.240752
   23    0.027450   19.895269   30.661757   10.268583     1.785527    95.896897
   24    3.996436   19.889759   26.856481   10.365476     1.840783    55.546411
   25    7.963148   23.889444   18.897261   10.313322     1.858306   265.476020
   26   11.944722   23.889444   22.878835   10.323060     1.858902    54.933122
   27    7.963148    3.981574   22.878835   10.324170     1.858919    54.974495
   28   11.944722    3.981574   18.897261   10.314098     1.858318   260.027000
   29    7.967145   23.873576   26.845751   10.336561     1.837959    55.042638
   30   11.973437   23.868898   30.658410   10.247061     1.782275    75.086462
   31    7.973656    3.943727   30.665047   10.282930     1.788993    81.625772
   32   11.944370    4.020302   26.842689   10.336834     1.835233    54.833341
   33    7.963148    7.963148   18.897261   10.312176     1.858322   249.350427
   34   11.944722    7.963148   22.878835   10.326232     1.858914    54.896617
   35    7.963148   11.944722   22.878835   10.318940     1.858914    54.787101
   36   11.944722   11.944722   18.897261   10.318623     1.858318   244.008490
   37    8.010115    7.991373   26.917291   10.375171     1.830605    56.376297
   38   12.006907    7.919599   30.900850   10.285016     1.887727    58.444929
   39    7.904656   12.005174   30.802340   10.315598     1.892221    58.938967
   40   11.961254   11.957063   26.952848   10.319921     1.841594    55.193527
   41    7.963148   15.926296   18.897261   10.317938     1.858314   242.691867
   42   11.944722   15.926296   22.878835   10.327353     1.858911    55.045072
   43    7.963148   19.907870   22.878835   10.332382     1.858907    55.181358
   44   11.944722   19.907870   18.897261   10.319309     1.858310   252.735682
   45    7.996041   15.912087   26.843318   10.323405     1.844585    54.001021
   46   11.950643   16.013089   30.921873   10.260943     1.852900    58.892727
   47    7.957790   19.895767   30.721308   10.244451     1.844870    71.470007
   48   12.032185   19.872268   26.865281   10.327447     1.858308    54.682453
   49   15.926296   23.889444   18.897261   10.313445     1.858306   258.844230
   50   19.907870   23.889444   22.878835   10.329941     1.858902    55.032903
   51   15.926296    3.981574   22.878835   10.316404     1.852700    54.813872
   52   19.907870    3.981574   18.897261   10.314742     1.858310   268.496222
   53   15.930957   23.800802   26.825431   10.333585     1.854037    54.602141
   54   19.897291   23.878585   30.687046   10.240646     1.810624    74.585123
   55   15.931154    3.981728   30.651346   10.230760     1.774868    71.078184
   56   19.904698    3.981319   26.847674   10.343162     1.839812    55.135118
   57   15.926296    7.963148   18.897261   10.315295     1.858314   257.070074
   58   19.907870    7.963148   22.878835   10.315567     1.852700    54.767632
   59   15.926296   11.944722   22.878835   10.332331     1.858911    55.135118
   60   19.907870   11.944722   18.897261   10.314981     1.858310   260.306874
   61   15.887452    8.003619   26.812161   10.338529     1.796661    54.022924
   62   19.909907    7.954424   30.669230   10.250892     1.792767    71.954310
   63   15.988996   11.895766   30.954285   10.270899     1.894255    59.683674
   64   19.848969   11.951014   26.848718   10.336476     1.841805    54.860112
   65   15.926296   15.926296   18.897261   10.315179     1.858314   252.511783
   66   19.907870   15.926296   22.878835   10.330666     1.858907    55.164322
   67   15.926296   19.907870   22.878835   10.336122     1.858907    54.838209
   68   19.907870   19.907870   18.897261   10.314550     1.858310   260.017266
   69   15.897945   15.971608   26.888610   10.306185     1.831076    54.684887
   70   19.897022   15.946230   30.682633   10.238302     1.806291    76.780306
   71   15.987641   19.969320   31.669183   10.252249     1.790152    60.387009
   72   19.828265   19.902698   26.842769   10.325403     1.854081    54.555901
   73   23.889444    3.981574   18.897261    6.692802     1.965654   350.732849
   74    3.981574   23.889444   18.897261    6.687820     1.965654   344.638903
   75   23.889444   23.889444   22.878835    6.682924     1.877755    71.496778
   76    3.981574    3.981574   22.878835    6.682792     1.877755    71.448104
   77   23.887458    3.974201   26.897273    6.703240     1.841063    70.747203
   78    3.988547   23.877268   26.897853    6.704538     1.840520    70.827515
   79    0.001914   23.874898   30.959262    6.655009     1.894399   260.652457
   80    3.978233    3.962754   30.962027    6.662347     1.876930   223.025264
   81   23.889444   11.944722   18.897261    6.690050     1.965654   336.167248
   82    3.981574    7.963148   18.897261    6.696037     1.965654   332.779559
   83   23.889444    7.963148   22.878835    6.673390     1.852700    71.241241
   84    3.981574   11.944722   22.878835    6.673943     1.852700    71.319119
   85   23.876055   11.944857   26.888851    6.690591     1.849517    70.820214
   86    3.994635    7.958437   26.894919    6.705382     1.843453    71.041679
   87    0.003530    7.954537   30.952077    6.647697     1.854559   201.900884
   88    3.898100   11.896396   30.745519    6.552912     1.870307    90.601200
   89   23.889444   19.907870   18.897261    6.693112     1.965654   340.538145
   90    3.981574   15.926296   18.897261    6.687654     1.965654   322.141925
   91   23.889444   15.926296   22.878835    6.685033     1.877755    71.555186
   92    3.981574   19.907870   22.878835    6.682162     1.877755    71.596559
   93   23.878645   19.902157   26.907708    6.679148     1.830653    70.717999
   94    3.988770   15.924068   26.912488    6.680819     1.825848    70.805611
   95   23.884691   15.920374   30.958094    6.648746     1.911511   182.981422
   96    3.992506   19.898962   30.981206    6.626346     1.869301   203.193171
   97    7.963148    3.981574   18.897261    6.691880     1.965654   340.345884
   98   11.944722   23.889444   18.897261    6.687281     1.965654   336.371677
   99    7.963148   23.889444   22.878835    6.684194     1.877755    71.513814
  100   11.944722    3.981574   22.878835    6.688732     1.877755    71.681738
  101    7.970142    3.984248   26.912773    6.688023     1.825562    70.793443
  102   11.948346   23.888407   26.901618    6.667281     1.836706    70.447860
  103    7.974976   23.888995   30.963649    6.626324     1.858587   203.675040
  104   11.951337    3.935371   30.880910    6.611624     1.905492   118.795432
  105    7.963148   11.944722   18.897261    6.689629     1.965654   317.500889
  106   11.944722    7.963148   18.897261    6.688414     1.965654   327.943829
  107    7.963148    7.963148   22.878835    6.671619     1.877755    71.934841
  108   11.944722   11.944722   22.878835    6.669257     1.877755    72.229317
  109    7.982023   11.949340   26.896047    6.682174     1.842376    71.109822
  110   11.947570    7.980715   26.914297    6.660166     1.855499    71.102521
  111    7.954899    7.950512   31.128852    6.749648     1.978614   124.186043
  112   11.935856   11.992229   31.029556    6.669862     1.944139    88.208888
  113    7.963148   19.907870   18.897261    6.688749     1.965654   323.723820
  114   11.944722   15.926296   18.897261    6.688484     1.965654   317.590936
  115    7.963148   15.926296   22.878835    6.672922     1.852700    71.411599
  116   11.944722   19.907870   22.878835    6.687466     1.877755    71.908070
  117    7.987998   19.903549   26.926500    6.655016     1.811996    70.800744
  118   11.949007   15.919064   26.930547    6.661786     1.862413    71.243675
  119    7.938783   15.960947   30.721846    6.560799     1.845847    83.395060
  120   11.972249   19.965064   30.818406    6.581749     1.915493    91.908088
  121   15.926296    3.981574   18.897261    6.689078     1.965654   337.191829
  122   19.907870   23.889444   18.897261    6.689065     1.965654   336.464157
  123   15.926296   23.889444   22.878835    6.669851     1.852700    71.199868
  124   19.907870    3.981574   22.878835    6.681679     1.877755    71.470007
  125   15.928169    3.966734   26.896447    6.676307     1.841934    70.769106
  126   19.910289   23.886999   26.910446    6.681108     1.827877    70.525738
  127   15.930503    0.050308   30.792696    6.589422     1.863056   105.035381
  128   19.902898    3.975328   30.966610    6.636626     1.912492   194.049819
  129   15.926296   11.944722   18.897261    6.689503     1.965654   328.279677
  130   19.907870    7.963148   18.897261    6.686798     1.965654   335.225412
  131   15.926296    7.963148   22.878835    6.671407     1.852700    71.182832
  132   19.907870   11.944722   22.878835    6.685219     1.877755    71.620896
  133   15.917142   11.967930   26.942267    6.650692     1.867348    71.623329
  134   19.901759    7.963978   26.896287    6.693520     1.842043    70.766672
  135   15.972986    7.905895   30.654234    6.548100     1.779284    81.097662
  136   19.937712   11.952752   30.912541    6.617941     1.888296   123.404830
  137   15.926296   19.907870   18.897261    6.688967     1.965654   329.338330
  138   19.907870   15.926296   18.897261    6.690321     1.965654   337.425463
  139   15.926296   15.926296   22.878835    6.680069     1.877755    71.922673
  140   19.907870   19.907870   22.878835    6.672790     1.852700    71.358058
  141   15.931146   19.896760   26.891892    6.592327     1.847667    72.961856
  142   19.901699   15.925025   26.920024    6.672902     1.818307    70.547641
  143   15.948888   15.926621   30.907484    6.599988     1.892969    98.904931
  144   19.962986   19.901810   30.820679    6.610844     1.917507   110.421125
  145   13.119304    7.813542   35.502257    6.705507     1.902932  1039.969282
  146    6.133446   12.750576   35.213477    6.653273     1.787589   669.526024
  147    9.072464   14.171332   37.517674    6.226005     1.793466  2790.803150
  148   11.106854   16.979823   35.572244    6.513765     1.735177   469.250841
  149   16.296627   20.432994   35.659829    6.783109     1.947776  2171.824749
  150   16.098787   10.500972   35.549284    6.580917     1.824743  1436.285038
  151    8.602528    8.947122   35.104939    2.125427     1.333309   632.115429
  152   12.448371   12.682995   35.114344    2.143503     1.261779    23.945020
 --------------------------------------------------------------------------------
    VACUUM CHARGE:               0.0000
    VACUUM VOLUME:               0.0000
    NUMBER OF ELECTRONS:      1266.0012
