&CONTROL
  calculation = 'relax'
  prefix = 'NbN_slab'
  pseudo_dir = '/scratch/anizami/QE_2/USPP/'
  outdir = './tmp/'
  restart_mode = 'restart'
  disk_io = 'low'
  verbosity = 'high'
  forc_conv_thr = 0.000778
  nstep = 150
/
&SYSTEM
  ibrav = 0, nat = 144, ntyp = 2
  ecutwfc = 45.0, ecutrho = 450.0
  occupations = 'smearing', smearing = 'cold', degauss = 0.015
  vdw_corr = 'dft-d3'
  dftd3_version = 4
  nspin = 1
/
&ELECTRONS
  conv_thr = 5.0d-6
  mixing_beta = 0.25
  electron_maxstep = 200
/
&IONS
  ion_dynamics = 'bfgs'
/

CELL_PARAMETERS (angstrom)
    13.2129160230    0.0000000000    0.0000000000
     0.0000000000   13.2129160230    0.0000000000
     0.0000000000    0.0000000000   26.6064580068

ATOMIC_SPECIES
  Nb  1.0  nb_pbe_v1.uspp.F.UPF
  N   1.0  n_pbe_v1.2.uspp.F.UPF

ATOMIC_POSITIONS (angstrom)
  Nb      0.000000000    0.000000000   10.000000000 0 0 0
  Nb      2.202152670    0.000000000   12.202152670 0 0 0
  Nb      0.000000000    2.202152670   12.202152670 0 0 0
  Nb      2.202152670    2.202152670   10.000000000 0 0 0
  N       0.000000000    2.202152670   10.000000000 0 0 0
  N       2.202152670    0.000000000   10.000000000 0 0 0
  N       0.000000000    0.000000000   12.202152670 0 0 0
  N       2.202152670    2.202152670   12.202152670 0 0 0
  Nb     -0.000000170    0.000000230   14.625695310 1 1 1
  Nb      2.202152510   -0.000000010   16.597595210 1 1 1
  Nb     -0.000000060    2.202152610   16.597594750 1 1 1
  Nb      2.202152730    2.202152460   14.625695340 1 1 1
  N       0.000000010    2.202152970   14.450908520 1 1 1
  N       2.202152660   -0.000000210   14.450908350 1 1 1
  N       0.000000050   -0.000000010   16.921283210 1 1 1
  N       2.202152690    2.202152610   16.921283450 1 1 1
  Nb      0.000000000    4.404305340   10.000000000 0 0 0
  Nb      2.202152670    4.404305340   12.202152670 0 0 0
  Nb      0.000000000    6.606458010   12.202152670 0 0 0
  Nb      2.202152670    6.606458010   10.000000000 0 0 0
  N       0.000000000    6.606458010   10.000000000 0 0 0
  N       2.202152670    4.404305340   10.000000000 0 0 0
  N       0.000000000    4.404305340   12.202152670 0 0 0
  N       2.202152670    6.606458010   12.202152670 0 0 0
  Nb      0.000000130    4.404305710   14.625695440 1 1 1
  Nb      2.202152600    4.404305210   16.597594760 1 1 1
  Nb     -0.000000150    6.606457960   16.597594600 1 1 1
  Nb      2.202152520    6.606457830   14.625695770 1 1 1
  N      -0.000000130    6.606458250   14.450908520 1 1 1
  N       2.202152600    4.404305160   14.450908570 1 1 1
  N       0.000000030    4.404305280   16.921283080 1 1 1
  N       2.202152630    6.606458030   16.921283260 1 1 1
  Nb      0.000000000    8.808610680   10.000000000 0 0 0
  Nb      2.202152670    8.808610680   12.202152670 0 0 0
  Nb      0.000000000   11.010763350   12.202152670 0 0 0
  Nb      2.202152670   11.010763350   10.000000000 0 0 0
  N       0.000000000   11.010763350   10.000000000 0 0 0
  N       2.202152670    8.808610680   10.000000000 0 0 0
  N       0.000000000    8.808610680   12.202152670 0 0 0
  N       2.202152670   11.010763350   12.202152670 0 0 0
  Nb      0.000000010    8.808610610   14.625695460 1 1 1
  Nb      2.202152550    8.808610730   16.597594610 1 1 1
  Nb      0.000000130   11.010763640   16.597594990 1 1 1
  Nb      2.202152800   11.010763260   14.625695560 1 1 1
  N      -0.000000280   11.010763650   14.450908350 1 1 1
  N       2.202152760    8.808610360   14.450909000 1 1 1
  N      -0.000000130    8.808610450   16.921283290 1 1 1
  N       2.202152740   11.010763550   16.921283410 1 1 1
  Nb      4.404305340    0.000000000   10.000000000 0 0 0
  Nb      6.606458010    0.000000000   12.202152670 0 0 0
  Nb      4.404305340    2.202152670   12.202152670 0 0 0
  Nb      6.606458010    2.202152670   10.000000000 0 0 0
  N       4.404305340    2.202152670   10.000000000 0 0 0
  N       6.606458010    0.000000000   10.000000000 0 0 0
  N       4.404305340    0.000000000   12.202152670 0 0 0
  N       6.606458010    2.202152670   12.202152670 0 0 0
  Nb      4.404305280    0.000000280   14.625695210 1 1 1
  Nb      6.606458050   -0.000000080   16.597594980 1 1 1
  Nb      4.404305290    2.202152600   16.597595260 1 1 1
  Nb      6.606458050    2.202152300   14.625695650 1 1 1
  N       4.404305120    2.202153040   14.450908380 1 1 1
  N       6.606457940   -0.000000070   14.450908480 1 1 1
  N       4.404305190   -0.000000010   16.921283530 1 1 1
  N       6.606458000    2.202152630   16.921283480 1 1 1
  Nb      4.404305340    4.404305340   10.000000000 0 0 0
  Nb      6.606458010    4.404305340   12.202152670 0 0 0
  Nb      4.404305340    6.606458010   12.202152670 0 0 0
  Nb      6.606458010    6.606458010   10.000000000 0 0 0
  N       4.404305340    6.606458010   10.000000000 0 0 0
  N       6.606458010    4.404305340   10.000000000 0 0 0
  N       4.404305340    4.404305340   12.202152670 0 0 0
  N       6.606458010    6.606458010   12.202152670 0 0 0
  Nb      4.404305250    4.404305580   14.625695730 1 1 1
  Nb      6.606458030    4.404305350   16.597594940 1 1 1
  Nb      4.404305330    6.606458070   16.597594820 1 1 1
  Nb      6.606458070    6.606457880   14.625695740 1 1 1
  N       4.404305260    6.606458160   14.450908510 1 1 1
  N       6.606458080    4.404305150   14.450908240 1 1 1
  N       4.404305190    4.404305260   16.921283300 1 1 1
  N       6.606457910    6.606458010   16.921283440 1 1 1
  Nb      4.404305340    8.808610680   10.000000000 0 0 0
  Nb      6.606458010    8.808610680   12.202152670 0 0 0
  Nb      4.404305340   11.010763350   12.202152670 0 0 0
  Nb      6.606458010   11.010763350   10.000000000 0 0 0
  N       4.404305340   11.010763350   10.000000000 0 0 0
  N       6.606458010    8.808610680   10.000000000 0 0 0
  N       4.404305340    8.808610680   12.202152670 0 0 0
  N       6.606458010   11.010763350   12.202152670 0 0 0
  Nb      4.404305230    8.808610790   14.625695720 1 1 1
  Nb      6.606458010    8.808610640   16.597594980 1 1 1
  Nb      4.404305300   11.010763590   16.597594690 1 1 1
  Nb      6.606457910   11.010762920   14.625695650 1 1 1
  N       4.404305210   11.010763570   14.450908360 1 1 1
  N       6.606458070    8.808610520   14.450908450 1 1 1
  N       4.404305250    8.808610450   16.921283420 1 1 1
  N       6.606458020   11.010763600   16.921283220 1 1 1
  Nb      8.808610680    0.000000000   10.000000000 0 0 0
  Nb     11.010763350    0.000000000   12.202152670 0 0 0
  Nb      8.808610680    2.202152670   12.202152670 0 0 0
  Nb     11.010763350    2.202152670   10.000000000 0 0 0
  N       8.808610680    2.202152670   10.000000000 0 0 0
  N      11.010763350    0.000000000   10.000000000 0 0 0
  N       8.808610680    0.000000000   12.202152670 0 0 0
  N      11.010763350    2.202152670   12.202152670 0 0 0
  Nb      8.808610690    0.000000300   14.625695580 1 1 1
  Nb     11.010763510   -0.000000110   16.597594630 1 1 1
  Nb      8.808610490    2.202152730   16.597595050 1 1 1
  Nb     11.010763500    2.202152220   14.625695470 1 1 1
  N       8.808610630    2.202153020   14.450908870 1 1 1
  N      11.010763760   -0.000000160   14.450908820 1 1 1
  N       8.808610490   -0.000000080   16.921283150 1 1 1
  N      11.010763560    2.202152630   16.921283470 1 1 1
  Nb      8.808610680    4.404305340   10.000000000 0 0 0
  Nb     11.010763350    4.404305340   12.202152670 0 0 0
  Nb      8.808610680    6.606458010   12.202152670 0 0 0
  Nb     11.010763350    6.606458010   10.000000000 0 0 0
  N       8.808610680    6.606458010   10.000000000 0 0 0
  N      11.010763350    4.404305340   10.000000000 0 0 0
  N       8.808610680    4.404305340   12.202152670 0 0 0
  N      11.010763350    6.606458010   12.202152670 0 0 0
  Nb      8.808610460    4.404305650   14.625695710 1 1 1
  Nb     11.010763620    4.404305300   16.597595360 1 1 1
  Nb      8.808610630    6.606457970   16.597594930 1 1 1
  Nb     11.010763460    6.606457910   14.625695670 1 1 1
  N       8.808610550    6.606458110   14.450908380 1 1 1
  N      11.010763670    4.404305110   14.450908240 1 1 1
  N       8.808610910    4.404305280   16.921283240 1 1 1
  N      11.010763480    6.606458070   16.921283210 1 1 1
  Nb      8.808610680    8.808610680   10.000000000 0 0 0
  Nb     11.010763350    8.808610680   12.202152670 0 0 0
  Nb      8.808610680   11.010763350   12.202152670 0 0 0
  Nb     11.010763350   11.010763350   10.000000000 0 0 0
  N       8.808610680   11.010763350   10.000000000 0 0 0
  N      11.010763350    8.808610680   10.000000000 0 0 0
  N       8.808610680    8.808610680   12.202152670 0 0 0
  N      11.010763350   11.010763350   12.202152670 0 0 0
  Nb      8.808610640    8.808610650   14.625695710 1 1 1
  Nb     11.010763710    8.808610500   16.597594810 1 1 1
  Nb      8.808610450   11.010763720   16.597594740 1 1 1
  Nb     11.010763460   11.010763450   14.625695690 1 1 1
  N       8.808610540   11.010763630   14.450908420 1 1 1
  N      11.010763640    8.808610460   14.450908550 1 1 1
  N       8.808610680    8.808610360   16.921283460 1 1 1
  N      11.010763710   11.010763640   16.921283250 1 1 1

K_POINTS (automatic)
  4 4 1 0 0 0

HUBBARD {ortho-atomic}
U Nb-4d 3.29
